-0.785398, -0.023600, -3.400000, -1.821300, 0.135989, 0.509009, 0.524182
-0.785398, -0.023600, -3.400000, -0.915650, 0.428463, 0.590789, 0.820310
-0.785398, -0.023600, -3.400000, -0.010000, 0.635520, 0.955350, 0.897294
-0.785398, -0.023600, -1.305000, -1.821300, 0.515371, 1.071295, 0.113161
-0.785398, -0.023600, -1.305000, -0.915650, 0.765220, 1.087147, 0.461184
-0.785398, -0.023600, -1.305000, -0.010000, 0.661030, 0.989363, 0.870774
-0.785398, -0.023600, 0.790000, -1.821300, -0.059363, 1.291463, 0.668338
-0.785398, -0.023600, 0.790000, -0.915650, 0.271036, 1.259651, 0.940689
-0.785398, -0.023600, 0.790000, -0.010000, 0.622353, 1.002590, 0.908728
-0.785398, 0.681350, -3.400000, -1.821300, -0.134252, 0.453654, 0.274338
-0.785398, 0.681350, -3.400000, -0.915650, 0.135288, 0.234104, 0.524423
-0.785398, 0.681350, -3.400000, -0.010000, 0.482484, 0.380176, 0.738394
-0.785398, 0.681350, -1.305000, -1.821300, 0.533210, 0.872189, 0.122484
-0.785398, 0.681350, -1.305000, -0.915650, 0.709806, 0.630679, 0.389682
-0.785398, 0.681350, -1.305000, -0.010000, 0.536393, 0.412476, 0.723819
-0.785398, 0.681350, 0.790000, -1.821300, 0.081239, 1.058304, 0.791282
-0.785398, 0.681350, 0.790000, -0.915650, 0.293786, 0.769341, 0.964090
-0.785398, 0.681350, 0.790000, -0.010000, 0.494632, 0.425733, 0.783724
-0.785398, 1.386300, -3.400000, -1.821300, -0.350392, 0.597577, 0.037424
-0.785398, 1.386300, -3.400000, -0.915650, -0.256785, 0.236689, 0.136184
-0.785398, 1.386300, -3.400000, -0.010000, 0.089759, 0.082889, 0.347821
-0.785398, 1.386300, -1.305000, -1.821300, 0.445319, 0.709864, 0.032482
-0.785398, 1.386300, -1.305000, -0.915650, 0.463113, 0.345431, 0.130722
-0.785398, 1.386300, -1.305000, -0.010000, 0.183716, 0.096224, 0.343900
-0.785398, 1.386300, 0.790000, -1.821300, 0.058582, 0.750492, 0.764588
-0.785398, 1.386300, 0.790000, -0.915650, 0.091431, 0.379929, 0.762486
-0.785398, 1.386300, 0.790000, -0.010000, 0.132403, 0.099957, 0.434573
-0.040398, -0.023600, -3.400000, -1.821300, 0.325405, 0.510262, 0.302386
-0.040398, -0.023600, -3.400000, -0.915650, 0.692411, 0.570644, 0.321406
-0.040398, -0.023600, -3.400000, -0.010000, 0.931965, 0.920558, 0.236126
-0.040398, -0.023600, -1.305000, -1.821300, 0.331877, 1.066849, -0.278496
-0.040398, -0.023600, -1.305000, -0.915650, 0.698224, 1.086290, -0.210952
-0.040398, -0.023600, -1.305000, -0.010000, 0.933724, 1.001842, 0.148647
-0.040398, -0.023600, 0.790000, -1.821300, 0.291745, 1.321307, 0.513894
-0.040398, -0.023600, 0.790000, -0.915650, 0.659541, 1.282152, 0.514293
-0.040398, -0.023600, 0.790000, -0.010000, 0.927339, 1.036624, 0.272962
-0.040398, 0.681350, -3.400000, -1.821300, -0.036694, 0.427987, 0.286269
-0.040398, 0.681350, -3.400000, -0.915650, 0.268503, 0.244452, 0.308840
-0.040398, 0.681350, -3.400000, -0.010000, 0.682896, 0.351856, 0.234427
-0.040398, 0.681350, -1.305000, -1.821300, 0.340888, 0.866962, -0.275254
-0.040398, 0.681350, -1.305000, -0.915650, 0.621249, 0.652959, -0.213827
-0.040398, 0.681350, -1.305000, -0.010000, 0.749199, 0.426008, 0.134434
-0.040398, 0.681350, 0.790000, -1.821300, 0.460538, 1.064561, 0.522601
-0.040398, 0.681350, 0.790000, -0.915650, 0.713348, 0.806694, 0.522215
-0.040398, 0.681350, 0.790000, -0.010000, 0.768272, 0.456951, 0.279605
-0.040398, 1.386300, -3.400000, -1.821300, -0.372345, 0.593896, 0.269332
-0.040398, 1.386300, -3.400000, -0.915650, -0.262757, 0.269263, 0.288748
-0.040398, 1.386300, -3.400000, -0.010000, 0.122758, 0.081844, 0.217039
-0.040398, 1.386300, -1.305000, -1.821300, 0.209328, 0.703490, -0.276277
-0.040398, 1.386300, -1.305000, -0.915650, 0.287678, 0.374521, -0.228294
-0.040398, 1.386300, -1.305000, -0.010000, 0.237090, 0.103423, 0.107557
-0.040398, 1.386300, 0.790000, -1.821300, 0.422298, 0.756373, 0.523691
-0.040398, 1.386300, 0.790000, -0.915650, 0.448933, 0.421314, 0.518910
-0.040398, 1.386300, 0.790000, -0.010000, 0.273490, 0.112782, 0.268958
0.704602, -0.023600, -3.400000, -1.821300, 0.303647, 0.505080, 0.000754
0.704602, -0.023600, -3.400000, -0.915650, 0.565705, 0.548463, -0.204808
0.704602, -0.023600, -3.400000, -0.010000, 0.707105, 0.878118, -0.449496
0.704602, -0.023600, -1.305000, -1.821300, -0.085404, 1.056403, -0.434298
0.704602, -0.023600, -1.305000, -0.915650, 0.200219, 1.075090, -0.626421
0.704602, -0.023600, -1.305000, -0.010000, 0.621804, 0.997469, -0.549583
0.704602, -0.023600, 0.790000, -1.821300, 0.428309, 1.318593, 0.175239
0.704602, -0.023600, 0.790000, -0.915650, 0.677899, 1.289698, -0.051205
0.704602, -0.023600, 0.790000, -0.010000, 0.736169, 1.048974, -0.412295
0.704602, 0.681350, -3.400000, -1.821300, 0.028373, 0.429039, 0.243204
0.704602, 0.681350, -3.400000, -0.915650, 0.246319, 0.250012, 0.077351
0.704602, 0.681350, -3.400000, -0.010000, 0.508810, 0.326652, -0.261417
0.704602, 0.681350, -1.305000, -1.821300, -0.075877, 0.858074, -0.432393
0.704602, 0.681350, -1.305000, -0.915650, 0.148429, 0.659633, -0.573180
0.704602, 0.681350, -1.305000, -0.010000, 0.484180, 0.424986, -0.422532
0.704602, 0.681350, 0.790000, -1.821300, 0.551084, 1.065547, 0.067447
0.704602, 0.681350, 0.790000, -0.915650, 0.731702, 0.830243, -0.081063
0.704602, 0.681350, 0.790000, -0.010000, 0.627945, 0.463952, -0.301441
0.704602, 1.386300, -3.400000, -1.821300, -0.231431, 0.600782, 0.454479
0.704602, 1.386300, -3.400000, -0.915650, -0.146946, 0.293166, 0.411327
0.704602, 1.386300, -3.400000, -0.010000, 0.082494, 0.081265, 0.110449
0.704602, 1.386300, -1.305000, -1.821300, -0.173790, 0.698154, -0.341762
0.704602, 1.386300, -1.305000, -0.915650, -0.091309, 0.385978, -0.361250
0.704602, 1.386300, -1.305000, -0.010000, 0.095909, 0.104816, -0.088666
0.704602, 1.386300, 0.790000, -1.821300, 0.523884, 0.760877, 0.099804
0.704602, 1.386300, 0.790000, -0.915650, 0.547671, 0.442199, 0.087494
0.704602, 1.386300, 0.790000, -0.010000, 0.263861, 0.118932, 0.028089
-0.785398, -0.023600, -3.400000, -1.821300, 0.136024, 0.509015, 0.524168
-0.785398, -0.023600, -3.400000, -1.459040, 0.238118, 0.500037, 0.659416
-0.785398, -0.023600, -3.400000, -1.096780, 0.365904, 0.545507, 0.773186
-0.785398, -0.023600, -3.400000, -0.734520, 0.484795, 0.646126, 0.857170
-0.785398, -0.023600, -3.400000, -0.372260, 0.578746, 0.789029, 0.900550
-0.785398, -0.023600, -3.400000, -0.010000, 0.635987, 0.955892, 0.897122
-0.785398, -0.023600, -2.562000, -1.821300, 0.417724, 0.569307, 0.290778
-0.785398, -0.023600, -2.562000, -1.459040, 0.509349, 0.564884, 0.374196
-0.785398, -0.023600, -2.562000, -1.096780, 0.615612, 0.602891, 0.511317
-0.785398, -0.023600, -2.562000, -0.734520, 0.680792, 0.691255, 0.656979
-0.785398, -0.023600, -2.562000, -0.372260, 0.693504, 0.810913, 0.781321
-0.785398, -0.023600, -2.562000, -0.010000, 0.654843, 0.953266, 0.877893
-0.785398, -0.023600, -1.724000, -1.821300, 0.560433, 0.897330, 0.135310
-0.785398, -0.023600, -1.724000, -1.459040, 0.648489, 0.899400, 0.206887
-0.785398, -0.023600, -1.724000, -1.096780, 0.745352, 0.909776, 0.354862
-0.785398, -0.023600, -1.724000, -0.734520, 0.784375, 0.927713, 0.531824
-0.785398, -0.023600, -1.724000, -0.372260, 0.758806, 0.950054, 0.704397
-0.785398, -0.023600, -1.724000, -0.010000, 0.672632, 0.975120, 0.858225
-0.785398, -0.023600, -0.886000, -1.821300, 0.475987, 1.272575, 0.200355
-0.785398, -0.023600, -0.886000, -1.459040, 0.556490, 1.284389, 0.267398
-0.785398, -0.023600, -0.886000, -1.096780, 0.664042, 1.266451, 0.410758
-0.785398, -0.023600, -0.886000, -0.734520, 0.722236, 1.210650, 0.570971
-0.785398, -0.023600, -0.886000, -0.372260, 0.724564, 1.122325, 0.728277
-0.785398, -0.023600, -0.886000, -0.010000, 0.669609, 1.014425, 0.860525
-0.785398, -0.023600, -0.048000, -1.821300, 0.227354, 1.447159, 0.451806
-0.785398, -0.023600, -0.048000, -1.459040, 0.283815, 1.462175, 0.508408
-0.785398, -0.023600, -0.048000, -1.096780, 0.414611, 1.434482, 0.640570
-0.785398, -0.023600, -0.048000, -0.734520, 0.523515, 1.348091, 0.754455
-0.785398, -0.023600, -0.048000, -0.372260, 0.602479, 1.211056, 0.841069
-0.785398, -0.023600, -0.048000, -0.010000, 0.640166, 1.042644, 0.887949
-0.785398, -0.023600, 0.790000, -1.821300, -0.031812, 1.299566, 0.714155
-0.785398, -0.023600, 0.790000, -1.459040, 0.016265, 1.311078, 0.771910
-0.785398, -0.023600, 0.790000, -1.096780, 0.159469, 1.295193, 0.888690
-0.785398, -0.023600, 0.790000, -0.734520, 0.321087, 1.235955, 0.957201
-0.785398, -0.023600, 0.790000, -0.372260, 0.470489, 1.144982, 0.969245
-0.785398, -0.023600, 0.790000, -0.010000, 0.600361, 1.029174, 0.926338
-0.785398, 0.258380, -3.400000, -1.821300, 0.046073, 0.443997, 0.431045
-0.785398, 0.258380, -3.400000, -1.459040, 0.098707, 0.408136, 0.518798
-0.785398, 0.258380, -3.400000, -1.096780, 0.228802, 0.386518, 0.640499
-0.785398, 0.258380, -3.400000, -0.734520, 0.364971, 0.426874, 0.746633
-0.785398, 0.258380, -3.400000, -0.372260, 0.489391, 0.521934, 0.824435
-0.785398, 0.258380, -3.400000, -0.010000, 0.589594, 0.663168, 0.865687
-0.785398, 0.258380, -2.562000, -1.821300, 0.333706, 0.498542, 0.205471
-0.785398, 0.258380, -2.562000, -1.459040, 0.381363, 0.474976, 0.245818
-0.785398, 0.258380, -2.562000, -1.096780, 0.497471, 0.447638, 0.377255
-0.785398, 0.258380, -2.562000, -0.734520, 0.585910, 0.473762, 0.529364
-0.785398, 0.258380, -2.562000, -0.372260, 0.635024, 0.550012, 0.682281
-0.785398, 0.258380, -2.562000, -0.010000, 0.637850, 0.667822, 0.817163
-0.785398, 0.258380, -1.724000, -1.821300, 0.541158, 0.816273, 0.114785
-0.785398, 0.258380, -1.724000, -1.459040, 0.584784, 0.801956, 0.143896
-0.785398, 0.258380, -1.724000, -1.096780, 0.696652, 0.759065, 0.281018
-0.785398, 0.258380, -1.724000, -0.734520, 0.752840, 0.729734, 0.448682
-0.785398, 0.258380, -1.724000, -0.372260, 0.747174, 0.717496, 0.627126
-0.785398, 0.258380, -1.724000, -0.010000, 0.680809, 0.723397, 0.793215
-0.785398, 0.258380, -0.886000, -1.821300, 0.533502, 1.179908, 0.255684
-0.785398, 0.258380, -0.886000, -1.459040, 0.569449, 1.174962, 0.283445
-0.785398, 0.258380, -0.886000, -1.096780, 0.687437, 1.117532, 0.415408
-0.785398, 0.258380, -0.886000, -0.734520, 0.746910, 1.028441, 0.560079
-0.785398, 0.258380, -0.886000, -0.372260, 0.745062, 0.917587, 0.700111
-0.785398, 0.258380, -0.886000, -0.010000, 0.683083, 0.798255, 0.818409
-0.785398, 0.258380, -0.048000, -1.821300, 0.313014, 1.347241, 0.536115
-0.785398, 0.258380, -0.048000, -1.459040, 0.342630, 1.345938, 0.565093
-0.785398, 0.258380, -0.048000, -1.096780, 0.467152, 1.285287, 0.690471
-0.785398, 0.258380, -0.048000, -0.734520, 0.563709, 1.170898, 0.789927
-0.785398, 0.258380, -0.048000, -0.372260, 0.622923, 1.014654, 0.856290
-0.785398, 0.258380, -0.048000, -0.010000, 0.637291, 0.838226, 0.879491
-0.785398, 0.258380, 0.790000, -1.821300, 0.026768, 1.205269, 0.769660
-0.785398, 0.258380, 0.790000, -1.459040, 0.053320, 1.200197, 0.804692
-0.785398, 0.258380, 0.790000, -1.096780, 0.182159, 1.146258, 0.920068
-0.785398, 0.258380, 0.790000, -0.734520, 0.324702, 1.053326, 0.985016
-0.785398, 0.258380, 0.790000, -0.372260, 0.457250, 0.938763, 0.988944
-0.785398, 0.258380, 0.790000, -0.010000, 0.571516, 0.808496, 0.932634
-0.785398, 0.540360, -3.400000, -1.821300, -0.059016, 0.419984, 0.329721
-0.785398, 0.540360, -3.400000, -1.459040, -0.041827, 0.386689, 0.375900
-0.785398, 0.540360, -3.400000, -1.096780, 0.071890, 0.303215, 0.486801
-0.785398, 0.540360, -3.400000, -0.734520, 0.209305, 0.279994, 0.598210
-0.785398, 0.540360, -3.400000, -0.372260, 0.352459, 0.319205, 0.696799
-0.785398, 0.540360, -3.400000, -0.010000, 0.482693, 0.415688, 0.769720
-0.785398, 0.540360, -2.562000, -1.821300, 0.235376, 0.465492, 0.107308
-0.785398, 0.540360, -2.562000, -1.459040, 0.255990, 0.444802, 0.123416
-0.785398, 0.540360, -2.562000, -1.096780, 0.362992, 0.361137, 0.234727
-0.785398, 0.540360, -2.562000, -0.734520, 0.458070, 0.328100, 0.384563
-0.785398, 0.540360, -2.562000, -0.372260, 0.524283, 0.351189, 0.545964
-0.785398, 0.540360, -2.562000, -0.010000, 0.556206, 0.429141, 0.706444
-0.785398, 0.540360, -1.724000, -1.821300, 0.501832, 0.748633, 0.075757
-0.785398, 0.540360, -1.724000, -1.459040, 0.520234, 0.734895, 0.086283
-0.785398, 0.540360, -1.724000, -1.096780, 0.627178, 0.644790, 0.198820
-0.785398, 0.540360, -1.724000, -0.734520, 0.684247, 0.568919, 0.351254
-0.785398, 0.540360, -1.724000, -0.372260, 0.683822, 0.517612, 0.525470
-0.785398, 0.540360, -1.724000, -0.010000, 0.627594, 0.498464, 0.691642
-0.785398, 0.540360, -0.886000, -1.821300, 0.564139, 1.071057, 0.285926
-0.785398, 0.540360, -0.886000, -1.459040, 0.579623, 1.063154, 0.297073
-0.785398, 0.540360, -0.886000, -1.096780, 0.688704, 0.968457, 0.407426
-0.785398, 0.540360, -0.886000, -0.734520, 0.737733, 0.847708, 0.529138
-0.785398, 0.540360, -0.886000, -0.372260, 0.722708, 0.712095, 0.649048
-0.785398, 0.540360, -0.886000, -0.010000, 0.646748, 0.584936, 0.747357
-0.785398, 0.540360, -0.048000, -1.821300, 0.379198, 1.218360, 0.600913
-0.785398, 0.540360, -0.048000, -1.459040, 0.388606, 1.214420, 0.610008
-0.785398, 0.540360, -0.048000, -1.096780, 0.499685, 1.119597, 0.719939
-0.785398, 0.540360, -0.048000, -0.734520, 0.576325, 0.978461, 0.799026
-0.785398, 0.540360, -0.048000, -0.372260, 0.609905, 0.808016, 0.838863
-0.785398, 0.540360, -0.048000, -0.010000, 0.595704, 0.625069, 0.833597
-0.785398, 0.540360, 0.790000, -1.821300, 0.070944, 1.090474, 0.811265
-0.785398, 0.540360, 0.790000, -1.459040, 0.073095, 1.089422, 0.813997
-0.785398, 0.540360, 0.790000, -1.096780, 0.186767, 0.992296, 0.928863
-0.785398, 0.540360, 0.790000, -0.734520, 0.306134, 0.869315, 0.979090
-0.785398, 0.540360, 0.790000, -0.372260, 0.416113, 0.732539, 0.967969
-0.785398, 0.540360, 0.790000, -0.010000, 0.506176, 0.597095, 0.896055
-0.785398, 0.822340, -3.400000, -1.821300, -0.163054, 0.435225, 0.222067
-0.785398, 0.822340, -3.400000, -1.459040, -0.165510, 0.414994, 0.250257
-0.785398, 0.822340, -3.400000, -1.096780, -0.079904, 0.286832, 0.336548
-0.785398, 0.822340, -3.400000, -0.734520, 0.047487, 0.206756, 0.439735
-0.785398, 0.822340, -3.400000, -0.372260, 0.189890, 0.189685, 0.539866
-0.785398, 0.822340, -3.400000, -0.010000, 0.336124, 0.234386, 0.629899
-0.785398, 0.822340, -2.562000, -1.821300, 0.137240, 0.466229, 0.008483
-0.785398, 0.822340, -2.562000, -1.459040, 0.138137, 0.464742, 0.009238
-0.785398, 0.822340, -2.562000, -1.096780, 0.224813, 0.335606, 0.092471
-0.785398, 0.822340, -2.562000, -0.734520, 0.309188, 0.249807, 0.223039
-0.785398, 0.822340, -2.562000, -0.372260, 0.379858, 0.218857, 0.383884
-0.785398, 0.822340, -2.562000, -0.010000, 0.427258, 0.247038, 0.553509
-0.785398, 0.822340, -1.724000, -1.821300, 0.454070, 0.695157, 0.026822
-0.785398, 0.822340, -1.724000, -1.459040, 0.454598, 0.693846, 0.026499
-0.785398, 0.822340, -1.724000, -1.096780, 0.544130, 0.565183, 0.109084
-0.785398, 0.822340, -1.724000, -0.734520, 0.589059, 0.449370, 0.237403
-0.785398, 0.822340, -1.724000, -0.372260, 0.583234, 0.362598, 0.393204
-0.785398, 0.822340, -1.724000, -0.010000, 0.527519, 0.315915, 0.556493
-0.785398, 0.822340, -0.886000, -1.821300, 0.574670, 0.952763, 0.294998
-0.785398, 0.822340, -0.886000, -1.459040, 0.574328, 0.952819, 0.295075
-0.785398, 0.822340, -0.886000, -1.096780, 0.665444, 0.826255, 0.378581
-0.785398, 0.822340, -0.886000, -0.734520, 0.696455, 0.678039, 0.473242
-0.785398, 0.822340, -0.886000, -0.372260, 0.662518, 0.528689, 0.564426
-0.785398, 0.822340, -0.886000, -0.010000, 0.568350, 0.397510, 0.640535
-0.785398, 0.822340, -0.048000, -1.821300, 0.417496, 1.069269, 0.636109
-0.785398, 0.822340, -0.048000, -1.459040, 0.416076, 1.070537, 0.634660
-0.785398, 0.822340, -0.048000, -1.096780, 0.503859, 0.948213, 0.720930
-0.785398, 0.822340, -0.048000, -0.734520, 0.555720, 0.784746, 0.775262
-0.785398, 0.822340, -0.048000, -0.372260, 0.560549, 0.607016, 0.785615
-0.785398, 0.822340, -0.048000, -0.010000, 0.518603, 0.437100, 0.751919
-0.785398, 0.822340, 0.790000, -1.821300, 0.084368, 0.966550, 0.823338
-0.785398, 0.822340, 0.790000, -1.459040, 0.082176, 0.970139, 0.819261
-0.785398, 0.822340, 0.790000, -1.096780, 0.165370, 0.847668, 0.907911
-0.785398, 0.822340, 0.790000, -0.734520, 0.258442, 0.695667, 0.940473
-0.785398, 0.822340, 0.790000, -0.372260, 0.343523, 0.540076, 0.906343
-0.785398, 0.822340, 0.790000, -0.010000, 0.408520, 0.405446, 0.814319
-0.785398, 1.104320, -3.400000, -1.821300, -0.266001, 0.502915, 0.120470
-0.785398, 1.104320, -3.400000, -1.459040, -0.274268, 0.489960, 0.140233
-0.785398, 1.104320, -3.400000, -1.096780, -0.222668, 0.329652, 0.195910
-0.785398, 1.104320, -3.400000, -0.734520, -0.122625, 0.205342, 0.274239
-0.785398, 1.104320, -3.400000, -0.372260, 0.011817, 0.133559, 0.366989
-0.785398, 1.104320, -3.400000, -0.010000, 0.162711, 0.123870, 0.461863
-0.785398, 1.104320, -2.562000, -1.821300, 0.039300, 0.511054, -0.088540
-0.785398, 1.104320, -2.562000, -1.459040, 0.037558, 0.516733, -0.089059
-0.785398, 1.104320, -2.562000, -1.096780, 0.092500, 0.365008, -0.041715
-0.785398, 1.104320, -2.562000, -0.734520, 0.158100, 0.233254, 0.066500
-0.785398, 1.104320, -2.562000, -0.372260, 0.218012, 0.155570, 0.210882
-0.785398, 1.104320, -2.562000, -0.010000, 0.268453, 0.134870, 0.380021
-0.785398, 1.104320, -1.724000, -1.821300, 0.394874, 0.665237, -0.032142
-0.785398, 1.104320, -1.724000, -1.459040, 0.390314, 0.673047, -0.032980
-0.785398, 1.104320, -1.724000, -1.096780, 0.454521, 0.516789, 0.015954
-0.785398, 1.104320, -1.724000, -0.734520, 0.476404, 0.373250, 0.113107
-0.785398, 1.104320, -1.724000, -0.372260, 0.455345, 0.257235, 0.246186
-0.785398, 1.104320, -1.724000, -0.010000, 0.392460, 0.186819, 0.397607
-0.785398, 1.104320, -0.886000, -1.821300, 0.559341, 0.837138, 0.278993
-0.785398, 1.104320, -0.886000, -1.459040, 0.554451, 0.843591, 0.276771
-0.785398, 1.104320, -0.886000, -1.096780, 0.619464, 0.696042, 0.329406
-0.785398, 1.104320, -0.886000, -0.734520, 0.625279, 0.529494, 0.392239
-0.785398, 1.104320, -0.886000, -0.372260, 0.566760, 0.372889, 0.453722
-0.785398, 1.104320, -0.886000, -0.010000, 0.451939, 0.246758, 0.505932
-0.785398, 1.104320, -0.048000, -1.821300, 0.422352, 0.913628, 0.639313
-0.785398, 1.104320, -0.048000, -1.459040, 0.416573, 0.922623, 0.633562
-0.785398, 1.104320, -0.048000, -1.096780, 0.479324, 0.776150, 0.694477
-0.785398, 1.104320, -0.048000, -0.734520, 0.501156, 0.600804, 0.717785
-0.785398, 1.104320, -0.048000, -0.372260, 0.474996, 0.426101, 0.696759
-0.785398, 1.104320, -0.048000, -0.010000, 0.404454, 0.274788, 0.634701
-0.785398, 1.104320, 0.790000, -1.821300, 0.073900, 0.845041, 0.808440
-0.785398, 1.104320, 0.790000, -1.459040, 0.069849, 0.855027, 0.801335
-0.785398, 1.104320, 0.790000, -1.096780, 0.124507, 0.706264, 0.866511
-0.785398, 1.104320, 0.790000, -0.734520, 0.184893, 0.540256, 0.871150
-0.785398, 1.104320, 0.790000, -0.372260, 0.238414, 0.381289, 0.812359
-0.785398, 1.104320, 0.790000, -0.010000, 0.279798, 0.248605, 0.693406
-0.785398, 1.386300, -3.400000, -1.821300, -0.350633, 0.590034, 0.037497
-0.785398, 1.386300, -3.400000, -1.459040, -0.361802, 0.589978, 0.055483
-0.785398, 1.386300, -3.400000, -1.096780, -0.346774, 0.421933, 0.074293
-0.785398, 1.386300, -3.400000, -0.734520, -0.277570, 0.265444, 0.122576
-0.785398, 1.386300, -3.400000, -0.372260, -0.163903, 0.148760, 0.195267
-0.785398, 1.386300, -3.400000, -0.010000, -0.020655, 0.087679, 0.282604
-0.785398, 1.386300, -2.562000, -1.821300, -0.046213, 0.592302, -0.172612
-0.785398, 1.386300, -2.562000, -1.459040, -0.027463, 0.456293, -0.163113
-0.785398, 1.386300, -2.562000, -1.096780, -0.025209, 0.442667, -0.160406
-0.785398, 1.386300, -2.562000, -0.734520, 0.009790, 0.283361, -0.088662
-0.785398, 1.386300, -2.562000, -0.372260, 0.051535, 0.162016, 0.035422
-0.785398, 1.386300, -2.562000, -0.010000, 0.094523, 0.094554, 0.195096
-0.785398, 1.386300, -1.724000, -1.821300, 0.333274, 0.654706, -0.094778
-0.785398, 1.386300, -1.724000, -1.459040, 0.358227, 0.520141, -0.082147
-0.785398, 1.386300, -1.724000, -1.096780, 0.359772, 0.507261, -0.080453
-0.785398, 1.386300, -1.724000, -0.734520, 0.355069, 0.342612, -0.016330
-0.785398, 1.386300, -1.724000, -0.372260, 0.312442, 0.208829, 0.087903
-0.785398, 1.386300, -1.724000, -0.010000, 0.236894, 0.119859, 0.222103
-0.785398, 1.386300, -0.886000, -1.821300, 0.522418, 0.729812, 0.241101
-0.785398, 1.386300, -0.886000, -1.459040, 0.550256, 0.597461, 0.258349
-0.785398, 1.386300, -0.886000, -1.096780, 0.551721, 0.583980, 0.260321
-0.785398, 1.386300, -0.886000, -0.734520, 0.530080, 0.415914, 0.288114
-0.785398, 1.386300, -0.886000, -0.372260, 0.445778, 0.261963, 0.319176
-0.785398, 1.386300, -0.886000, -0.010000, 0.311428, 0.148393, 0.348438
-0.785398, 1.386300, -0.048000, -1.821300, 0.396502, 0.762748, 0.611420
-0.785398, 1.386300, -0.048000, -1.459040, 0.421946, 0.631444, 0.635717
-0.785398, 1.386300, -0.048000, -1.096780, 0.425045, 0.617054, 0.637826
-0.785398, 1.386300, -0.048000, -0.734520, 0.415074, 0.446949, 0.629356
-0.785398, 1.386300, -0.048000, -0.372260, 0.359668, 0.285187, 0.578827
-0.785398, 1.386300, -0.048000, -0.010000, 0.263893, 0.160134, 0.491677
-0.785398, 1.386300, 0.790000, -1.821300, 0.040224, 0.724550, 0.773829
-0.785398, 1.386300, 0.790000, -1.459040, 0.058675, 0.600591, 0.797743
-0.785398, 1.386300, 0.790000, -1.096780, 0.060005, 0.587021, 0.800367
-0.785398, 1.386300, 0.790000, -0.734520, 0.086030, 0.418137, 0.776916
-0.785398, 1.386300, 0.790000, -0.372260, 0.108629, 0.264540, 0.692491
-0.785398, 1.386300, 0.790000, -0.010000, 0.125369, 0.149860, 0.557375
-0.487398, -0.023600, -3.400000, -1.821300, 0.243136, 0.506085, 0.460501
-0.487398, -0.023600, -3.400000, -1.459040, 0.366290, 0.502796, 0.550633
-0.487398, -0.023600, -3.400000, -1.096780, 0.373273, 0.503872, 0.554332
-0.487398, -0.023600, -3.400000, -0.734520, 0.523295, 0.549964, 0.621991
-0.487398, -0.023600, -3.400000, -0.372260, 0.665329, 0.655856, 0.666895
-0.487398, -0.023600, -3.400000, -0.010000, 0.766708, 0.802253, 0.677882
-0.487398, -0.023600, -2.562000, -1.821300, 0.433120, 0.568549, 0.146479
-0.487398, -0.023600, -2.562000, -1.459040, 0.553107, 0.565865, 0.204448
-0.487398, -0.023600, -2.562000, -1.096780, 0.560090, 0.566863, 0.209916
-0.487398, -0.023600, -2.562000, -0.734520, 0.689611, 0.607413, 0.303476
-0.487398, -0.023600, -2.562000, -0.372260, 0.790193, 0.696346, 0.419960
-0.487398, -0.023600, -2.562000, -0.010000, 0.837750, 0.821811, 0.537232
-0.487398, -0.023600, -1.724000, -1.821300, 0.517595, 0.895806, -0.049410
-0.487398, -0.023600, -1.724000, -1.459040, 0.647299, 0.899275, 0.007753
-0.487398, -0.023600, -1.724000, -1.096780, 0.652177, 0.899372, 0.017918
-0.487398, -0.023600, -1.724000, -0.734520, 0.772677, 0.910496, 0.121370
-0.487398, -0.023600, -1.724000, -0.372260, 0.856564, 0.930190, 0.283605
-0.487398, -0.023600, -1.724000, -0.010000, 0.875684, 0.954527, 0.458587
-0.487398, -0.023600, -0.886000, -1.821300, 0.459962, 1.271740, 0.035087
-0.487398, -0.023600, -0.886000, -1.459040, 0.581201, 1.284739, 0.090079
-0.487398, -0.023600, -0.886000, -1.096780, 0.589491, 1.283994, 0.096088
-0.487398, -0.023600, -0.886000, -0.734520, 0.720576, 1.259459, 0.201545
-0.487398, -0.023600, -0.886000, -0.372260, 0.813450, 1.200533, 0.339447
-0.487398, -0.023600, -0.886000, -0.010000, 0.852158, 1.109792, 0.489935
-0.487398, -0.023600, -0.048000, -1.821300, 0.293701, 1.448565, 0.346205
-0.487398, -0.023600, -0.048000, -1.459040, 0.407730, 1.464165, 0.406625
-0.487398, -0.023600, -0.048000, -1.096780, 0.415146, 1.460098, 0.410136
-0.487398, -0.023600, -0.048000, -0.734520, 0.557253, 1.425198, 0.488303
-0.487398, -0.023600, -0.048000, -0.372260, 0.690105, 1.327821, 0.563695
-0.487398, -0.023600, -0.048000, -0.010000, 0.781941, 1.182711, 0.620217
-0.487398, -0.023600, 0.790000, -1.821300, 0.119880, 1.304838, 0.671328
-0.487398, -0.023600, 0.790000, -1.459040, 0.235491, 1.316965, 0.741221
-0.487398, -0.023600, 0.790000, -1.096780, 0.239961, 1.314759, 0.742907
-0.487398, -0.023600, 0.790000, -0.734520, 0.397728, 1.290854, 0.794492
-0.487398, -0.023600, 0.790000, -0.372260, 0.569349, 1.222327, 0.801496
-0.487398, -0.023600, 0.790000, -0.010000, 0.709641, 1.123357, 0.758334
-0.487398, 0.258380, -3.400000, -1.821300, 0.112424, 0.447072, 0.387417
-0.487398, 0.258380, -3.400000, -1.459040, 0.237357, 0.397127, 0.482338
-0.487398, 0.258380, -3.400000, -1.096780, 0.245969, 0.395491, 0.486732
-0.487398, 0.258380, -3.400000, -0.734520, 0.389980, 0.393546, 0.552167
-0.487398, 0.258380, -3.400000, -0.372260, 0.549402, 0.448810, 0.608379
-0.487398, 0.258380, -3.400000, -0.010000, 0.686285, 0.558656, 0.639121
-0.487398, 0.258380, -2.562000, -1.821300, 0.323533, 0.497773, 0.088488
-0.487398, 0.258380, -2.562000, -1.459040, 0.439163, 0.457623, 0.144120
-0.487398, 0.258380, -2.562000, -1.096780, 0.447465, 0.455984, 0.149058
-0.487398, 0.258380, -2.562000, -0.734520, 0.571869, 0.450065, 0.238358
-0.487398, 0.258380, -2.562000, -0.372260, 0.691972, 0.493137, 0.363493
-0.487398, 0.258380, -2.562000, -0.010000, 0.769625, 0.583582, 0.494461
-0.487398, 0.258380, -1.724000, -1.821300, 0.494247, 0.814784, -0.062405
-0.487398, 0.258380, -1.724000, -1.459040, 0.613665, 0.780700, -0.010161
-0.487398, 0.258380, -1.724000, -1.096780, 0.740349, 0.743821, 0.104795
-0.487398, 0.258380, -1.724000, -0.734520, 0.736743, 0.744732, 0.101692
-0.487398, 0.258380, -1.724000, -0.372260, 0.818120, 0.723290, 0.252216
-0.487398, 0.258380, -1.724000, -0.010000, 0.844660, 0.718483, 0.427269
-0.487398, 0.258380, -0.886000, -1.821300, 0.527662, 1.179412, 0.071069
-0.487398, 0.258380, -0.886000, -1.459040, 0.648992, 1.152627, 0.127142
-0.487398, 0.258380, -0.886000, -1.096780, 0.774766, 1.081684, 0.231218
-0.487398, 0.258380, -0.886000, -0.734520, 0.848486, 0.981334, 0.362109
-0.487398, 0.258380, -0.886000, -0.372260, 0.859758, 0.869992, 0.493169
-0.487398, 0.258380, -0.886000, -0.010000, 0.857728, 0.861538, 0.502283
-0.487398, 0.258380, -0.048000, -1.821300, 0.406633, 1.349087, 0.405942
-0.487398, 0.258380, -0.048000, -1.459040, 0.515829, 1.327641, 0.464048
-0.487398, 0.258380, -0.048000, -1.096780, 0.661041, 1.235996, 0.542966
-0.487398, 0.258380, -0.048000, -0.734520, 0.757232, 1.104348, 0.599495
-0.487398, 0.258380, -0.048000, -0.372260, 0.807532, 0.935009, 0.633671
-0.487398, 0.258380, -0.048000, -0.010000, 0.801143, 0.763157, 0.639269
-0.487398, 0.258380, 0.790000, -1.821300, 0.197262, 1.210077, 0.711062
-0.487398, 0.258380, 0.790000, -1.459040, 0.311698, 1.184031, 0.780214
-0.487398, 0.258380, 0.790000, -1.096780, 0.466939, 1.110103, 0.827872
-0.487398, 0.258380, 0.790000, -0.734520, 0.612420, 1.002994, 0.820359
-0.487398, 0.258380, 0.790000, -0.372260, 0.724919, 0.876662, 0.759088
-0.487398, 0.258380, 0.790000, -0.010000, 0.788839, 0.753260, 0.657161
-0.487398, 0.540360, -3.400000, -1.821300, -0.014698, 0.420344, 0.322837
-0.487398, 0.540360, -3.400000, -1.459040, 0.087121, 0.335867, 0.402525
-0.487398, 0.540360, -3.400000, -1.096780, 0.244349, 0.284717, 0.473344
-0.487398, 0.540360, -3.400000, -0.734520, 0.413256, 0.296707, 0.533048
-0.487398, 0.540360, -3.400000, -0.372260, 0.565208, 0.365554, 0.572689
-0.487398, 0.540360, -3.400000, -0.010000, 0.693800, 0.488272, 0.590671
-0.487398, 0.540360, -2.562000, -1.821300, 0.203394, 0.461733, 0.024320
-0.487398, 0.540360, -2.562000, -1.459040, 0.305476, 0.387527, 0.073415
-0.487398, 0.540360, -2.562000, -1.096780, 0.437322, 0.334897, 0.170131
-0.487398, 0.540360, -2.562000, -0.734520, 0.561398, 0.335048, 0.299826
-0.487398, 0.540360, -2.562000, -0.372260, 0.651894, 0.387658, 0.435828
-0.487398, 0.540360, -2.562000, -0.010000, 0.705013, 0.490473, 0.572241
-0.487398, 0.540360, -1.724000, -1.821300, 0.450481, 0.743838, -0.086039
-0.487398, 0.540360, -1.724000, -1.459040, 0.553673, 0.676364, -0.041258
-0.487398, 0.540360, -1.724000, -1.096780, 0.669401, 0.593511, 0.070772
-0.487398, 0.540360, -1.724000, -0.734520, 0.737142, 0.535541, 0.218126
-0.487398, 0.540360, -1.724000, -0.372260, 0.755339, 0.503653, 0.394505
-0.487398, 0.540360, -1.724000, -0.010000, 0.720129, 0.504496, 0.563207
-0.487398, 0.540360, -0.886000, -1.821300, 0.569343, 1.069614, 0.093593
-0.487398, 0.540360, -0.886000, -1.459040, 0.677075, 1.006993, 0.142514
-0.487398, 0.540360, -0.886000, -1.096780, 0.780314, 0.896353, 0.234062
-0.487398, 0.540360, -0.886000, -0.734520, 0.825501, 0.765577, 0.349082
-0.487398, 0.540360, -0.886000, -0.372260, 0.805390, 0.633471, 0.469509
-0.487398, 0.540360, -0.886000, -0.010000, 0.727233, 0.522236, 0.575197
-0.487398, 0.540360, -0.048000, -1.821300, 0.485100, 1.219992, 0.447483
-0.487398, 0.540360, -0.048000, -1.459040, 0.589847, 1.160928, 0.502379
-0.487398, 0.540360, -0.048000, -1.096780, 0.703096, 1.032820, 0.564795
-0.487398, 0.540360, -0.048000, -0.734520, 0.764630, 0.872342, 0.602654
-0.487398, 0.540360, -0.048000, -0.372260, 0.771102, 0.696217, 0.613695
-0.487398, 0.540360, -0.048000, -0.010000, 0.720961, 0.527866, 0.596172
-0.487398, 0.540360, 0.790000, -1.821300, 0.250679, 1.095136, 0.739645
-0.487398, 0.540360, 0.790000, -1.459040, 0.349143, 1.034423, 0.798924
-0.487398, 0.540360, 0.790000, -1.096780, 0.483175, 0.918618, 0.834286
-0.487398, 0.540360, 0.790000, -0.734520, 0.594871, 0.785081, 0.810937
-0.487398, 0.540360, 0.790000, -0.372260, 0.672865, 0.647407, 0.735049
-0.487398, 0.540360, 0.790000, -0.010000, 0.708155, 0.518924, 0.609472
-0.487398, 0.822340, -3.400000, -1.821300, -0.152429, 0.447203, 0.247348
-0.487398, 0.822340, -3.400000, -1.459040, -0.067865, 0.317817, 0.320910
-0.487398, 0.822340, -3.400000, -1.096780, 0.069138, 0.225203, 0.380395
-0.487398, 0.822340, -3.400000, -0.734520, 0.229824, 0.189792, 0.436287
-0.487398, 0.822340, -3.400000, -0.372260, 0.401011, 0.216167, 0.483957
-0.487398, 0.822340, -3.400000, -0.010000, 0.553439, 0.301675, 0.514763
-0.487398, 0.822340, -2.562000, -1.821300, 0.075321, 0.468133, -0.042959
-0.487398, 0.822340, -2.562000, -1.459040, 0.155871, 0.364279, -0.005882
-0.487398, 0.822340, -2.562000, -1.096780, 0.271707, 0.267054, 0.082689
-0.487398, 0.822340, -2.562000, -0.734520, 0.386453, 0.221606, 0.205348
-0.487398, 0.822340, -2.562000, -0.372260, 0.489644, 0.233606, 0.352205
-0.487398, 0.822340, -2.562000, -0.010000, 0.562860, 0.302648, 0.498326
-0.487398, 0.822340, -1.724000, -1.821300, 0.384899, 0.694184, -0.119692
-0.487398, 0.822340, -1.724000, -1.459040, 0.470045, 0.595028, -0.084556
-0.487398, 0.822340, -1.724000, -1.096780, 0.561058, 0.472553, 0.014002
-0.487398, 0.822340, -1.724000, -0.734520, 0.610147, 0.381465, 0.151659
-0.487398, 0.822340, -1.724000, -0.372260, 0.617048, 0.324168, 0.321760
-0.487398, 0.822340, -1.724000, -0.010000, 0.577810, 0.312826, 0.496839
-0.487398, 0.822340, -0.886000, -1.821300, 0.583830, 0.949103, 0.100777
-0.487398, 0.822340, -0.886000, -1.459040, 0.665403, 0.862102, 0.137033
-0.487398, 0.822340, -0.886000, -1.096780, 0.741006, 0.713403, 0.214800
-0.487398, 0.822340, -0.886000, -0.734520, 0.749728, 0.562250, 0.311335
-0.487398, 0.822340, -0.886000, -0.372260, 0.698636, 0.430651, 0.409359
-0.487398, 0.822340, -0.886000, -0.010000, 0.589603, 0.324740, 0.504949
-0.487398, 0.822340, -0.048000, -1.821300, 0.530863, 1.070866, 0.471454
-0.487398, 0.822340, -0.048000, -1.459040, 0.615671, 0.981592, 0.515864
-0.487398, 0.822340, -0.048000, -1.096780, 0.695202, 0.820053, 0.560193
-0.487398, 0.822340, -0.048000, -0.734520, 0.713740, 0.650515, 0.575436
-0.487398, 0.822340, -0.048000, -0.372260, 0.675937, 0.475790, 0.563087
-0.487398, 0.822340, -0.048000, -0.010000, 0.589243, 0.332869, 0.525720
-0.487398, 0.822340, 0.790000, -1.821300, 0.268294, 0.970047, 0.748979
-0.487398, 0.822340, 0.790000, -1.459040, 0.345517, 0.883902, 0.795148
-0.487398, 0.822340, 0.790000, -1.096780, 0.449208, 0.732428, 0.815305
-0.487398, 0.822340, 0.790000, -0.734520, 0.526044, 0.576853, 0.771363
-0.487398, 0.822340, 0.790000, -0.372260, 0.567875, 0.438827, 0.678331
-0.487398, 0.822340, 0.790000, -0.010000, 0.572757, 0.325169, 0.539756
-0.487398, 1.104320, -3.400000, -1.821300, -0.275099, 0.502728, 0.182878
-0.487398, 1.104320, -3.400000, -1.459040, -0.228529, 0.358103, 0.235996
-0.487398, 1.104320, -3.400000, -1.096780, -0.117528, 0.224542, 0.281562
-0.487398, 1.104320, -3.400000, -0.734520, 0.033979, 0.142479, 0.331441
-0.487398, 1.104320, -3.400000, -0.372260, 0.198165, 0.121719, 0.377180
-0.487398, 1.104320, -3.400000, -0.010000, 0.368044, 0.162917, 0.416831
-0.487398, 1.104320, -2.562000, -1.821300, -0.045112, 0.511081, -0.106707
-0.487398, 1.104320, -2.562000, -1.459040, 0.007483, 0.386175, -0.084497
-0.487398, 1.104320, -2.562000, -1.096780, 0.092841, 0.255411, -0.013019
-0.487398, 1.104320, -2.562000, -0.734520, 0.194215, 0.165359, 0.104394
-0.487398, 1.104320, -2.562000, -0.372260, 0.294644, 0.134152, 0.249773
-0.487398, 1.104320, -2.562000, -0.010000, 0.377540, 0.163007, 0.397162
-0.487398, 1.104320, -1.724000, -1.821300, 0.314157, 0.659146, -0.157950
-0.487398, 1.104320, -1.724000, -1.459040, 0.369184, 0.544610, -0.137882
-0.487398, 1.104320, -1.724000, -1.096780, 0.426172, 0.392698, -0.058909
-0.487398, 1.104320, -1.724000, -0.734520, 0.450154, 0.270807, 0.070586
-0.487398, 1.104320, -1.724000, -0.372260, 0.440548, 0.195969, 0.224854
-0.487398, 1.104320, -1.724000, -0.010000, 0.397705, 0.171215, 0.397406
-0.487398, 1.104320, -0.886000, -1.821300, 0.562299, 0.834188, 0.090220
-0.487398, 1.104320, -0.886000, -1.459040, 0.623474, 0.717322, 0.115311
-0.487398, 1.104320, -0.886000, -1.096780, 0.657216, 0.554613, 0.170093
-0.487398, 1.104320, -0.886000, -0.734520, 0.627905, 0.394826, 0.245755
-0.487398, 1.104320, -0.886000, -0.372260, 0.540535, 0.263074, 0.330279
-0.487398, 1.104320, -0.886000, -0.010000, 0.412970, 0.179834, 0.409278
-0.487398, 1.104320, -0.048000, -1.821300, 0.538678, 0.911612, 0.475262
-0.487398, 1.104320, -0.048000, -1.459040, 0.595576, 0.803718, 0.504876
-0.487398, 1.104320, -0.048000, -1.096780, 0.633726, 0.625320, 0.527244
-0.487398, 1.104320, -0.048000, -0.734520, 0.608901, 0.448513, 0.519484
-0.487398, 1.104320, -0.048000, -0.372260, 0.533063, 0.298332, 0.486817
-0.487398, 1.104320, -0.048000, -0.010000, 0.409202, 0.182110, 0.430384
-0.487398, 1.104320, 0.790000, -1.821300, 0.253748, 0.846240, 0.739676
-0.487398, 1.104320, 0.790000, -1.459040, 0.310463, 0.729606, 0.775076
-0.487398, 1.104320, 0.790000, -1.096780, 0.370205, 0.565178, 0.772732
-0.487398, 1.104320, 0.790000, -0.734520, 0.407585, 0.402690, 0.707908
-0.487398, 1.104320, 0.790000, -0.372260, 0.415826, 0.271953, 0.597437
-0.487398, 1.104320, 0.790000, -0.010000, 0.394844, 0.179303, 0.445606
-0.487398, 1.386300, -3.400000, -1.821300, -0.380253, 0.592904, 0.128145
-0.487398, 1.386300, -3.400000, -1.459040, -0.371327, 0.442295, 0.161065
-0.487398, 1.386300, -3.400000, -1.096780, -0.297351, 0.280944, 0.186699
-0.487398, 1.386300, -3.400000, -0.734520, -0.171387, 0.158647, 0.223061
-0.487398, 1.386300, -3.400000, -0.372260, -0.017972, 0.093022, 0.262981
-0.487398, 1.386300, -3.400000, -0.010000, 0.156274, 0.086440, 0.304858
-0.487398, 1.386300, -2.562000, -1.821300, -0.150552, 0.588092, -0.162669
-0.487398, 1.386300, -2.562000, -1.459040, -0.130283, 0.452096, -0.157229
-0.487398, 1.386300, -2.562000, -1.096780, -0.080051, 0.296328, -0.104994
-0.487398, 1.386300, -2.562000, -0.734520, -0.005486, 0.170368, -0.001315
-0.487398, 1.386300, -2.562000, -0.372260, 0.082080, 0.097773, 0.137303
-0.487398, 1.386300, -2.562000, -0.010000, 0.167240, 0.087063, 0.285904
-0.487398, 1.386300, -1.724000, -1.821300, 0.233698, 0.656727, -0.199135
-0.487398, 1.386300, -1.724000, -1.459040, 0.260967, 0.522321, -0.195056
-0.487398, 1.386300, -1.724000, -1.096780, 0.277568, 0.352978, -0.136651
-0.487398, 1.386300, -1.724000, -0.734520, 0.269727, 0.219045, -0.029717
-0.487398, 1.386300, -1.724000, -0.372260, 0.238592, 0.125167, 0.119913
-0.487398, 1.386300, -1.724000, -0.010000, 0.188128, 0.090485, 0.288525
-0.487398, 1.386300, -0.886000, -1.821300, 0.515560, 0.725220, 0.065254
-0.487398, 1.386300, -0.886000, -1.459040, 0.545165, 0.600341, 0.074354
-0.487398, 1.386300, -0.886000, -1.096780, 0.536944, 0.422608, 0.107874
-0.487398, 1.386300, -0.886000, -0.734520, 0.467216, 0.267314, 0.162892
-0.487398, 1.386300, -0.886000, -0.372260, 0.354400, 0.155788, 0.228031
-0.487398, 1.386300, -0.886000, -0.010000, 0.202837, 0.093513, 0.300698
-0.487398, 1.386300, -0.048000, -1.821300, 0.502253, 0.765162, 0.455885
-0.487398, 1.386300, -0.048000, -1.459040, 0.534129, 0.633981, 0.472004
-0.487398, 1.386300, -0.048000, -1.096780, 0.526259, 0.452638, 0.470234
-0.487398, 1.386300, -0.048000, -0.734520, 0.462975, 0.296264, 0.441655
-0.487398, 1.386300, -0.048000, -0.372260, 0.349109, 0.168486, 0.389117
-0.487398, 1.386300, -0.048000, -0.010000, 0.201325, 0.094326, 0.320188
-0.487398, 1.386300, 0.790000, -1.821300, 0.208445, 0.733704, 0.714251
-0.487398, 1.386300, 0.790000, -1.459040, 0.234560, 0.601778, 0.734672
-0.487398, 1.386300, 0.790000, -1.096780, 0.253684, 0.423174, 0.708217
-0.487398, 1.386300, 0.790000, -0.734520, 0.250911, 0.273310, 0.625835
-0.487398, 1.386300, 0.790000, -0.372260, 0.227592, 0.155171, 0.493368
-0.487398, 1.386300, 0.790000, -0.010000, 0.188498, 0.093840, 0.338153
-0.189398, -0.023600, -3.400000, -1.821300, 0.302184, 0.508842, 0.351289
-0.189398, -0.023600, -3.400000, -1.459040, 0.454921, 0.504218, 0.408461
-0.189398, -0.023600, -3.400000, -1.096780, 0.626830, 0.551212, 0.430223
-0.189398, -0.023600, -3.400000, -0.734520, 0.773414, 0.654178, 0.430952
-0.189398, -0.023600, -3.400000, -0.372260, 0.871909, 0.792612, 0.412010
-0.189398, -0.023600, -3.400000, -0.010000, 0.917836, 0.960687, 0.374703
-0.189398, -0.023600, -2.562000, -1.821300, 0.399529, 0.567498, 0.001447
-0.189398, -0.023600, -2.562000, -1.459040, 0.531292, 0.564346, 0.021635
-0.189398, -0.023600, -2.562000, -1.096780, 0.696147, 0.607501, 0.077953
-0.189398, -0.023600, -2.562000, -0.734520, 0.821828, 0.694002, 0.156491
-0.189398, -0.023600, -2.562000, -0.372260, 0.902896, 0.820349, 0.253955
-0.189398, -0.023600, -2.562000, -0.010000, 0.921854, 0.966958, 0.354347
-0.189398, -0.023600, -1.724000, -1.821300, 0.423743, 0.893356, -0.213971
-0.189398, -0.023600, -1.724000, -1.459040, 0.558410, 0.896063, -0.198498
-0.189398, -0.023600, -1.724000, -1.096780, 0.721363, 0.908365, -0.122941
-0.189398, -0.023600, -1.724000, -0.734520, 0.846575, 0.928690, 0.005627
-0.189398, -0.023600, -1.724000, -0.372260, 0.915059, 0.953447, 0.162307
-0.189398, -0.023600, -1.724000, -0.010000, 0.923753, 0.981519, 0.340603
-0.189398, -0.023600, -0.886000, -1.821300, 0.398785, 1.270155, -0.117211
-0.189398, -0.023600, -0.886000, -1.459040, 0.523300, 1.282271, -0.101835
-0.189398, -0.023600, -0.886000, -1.096780, 0.695069, 1.257425, -0.033898
-0.189398, -0.023600, -0.886000, -0.734520, 0.826537, 1.196303, 0.074522
-0.189398, -0.023600, -0.886000, -0.372260, 0.903444, 1.109490, 0.202652
-0.189398, -0.023600, -0.886000, -0.010000, 0.922440, 1.000676, 0.346029
-0.189398, -0.023600, -0.048000, -1.821300, 0.326621, 1.448512, 0.227084
-0.189398, -0.023600, -0.048000, -1.459040, 0.452120, 1.464647, 0.251251
-0.189398, -0.023600, -0.048000, -1.096780, 0.625378, 1.424424, 0.286390
-0.189398, -0.023600, -0.048000, -0.734520, 0.773063, 1.325610, 0.320352
-0.189398, -0.023600, -0.048000, -0.372260, 0.875329, 1.179418, 0.347829
-0.189398, -0.023600, -0.048000, -0.010000, 0.918062, 1.012968, 0.365681
-0.189398, -0.023600, 0.790000, -1.821300, 0.263494, 1.308243, 0.592562
-0.189398, -0.023600, 0.790000, -1.459040, 0.385088, 1.320326, 0.622275
-0.189398, -0.023600, 0.790000, -1.096780, 0.570700, 1.290879, 0.625147
-0.189398, -0.023600, 0.790000, -0.734520, 0.724996, 1.224903, 0.582601
-0.189398, -0.023600, 0.790000, -0.372260, 0.848322, 1.122289, 0.498473
-0.189398, -0.023600, 0.790000, -0.010000, 0.915651, 0.999789, 0.384697
-0.189398, 0.258380, -3.400000, -1.821300, 0.171942, 0.443792, 0.329850
-0.189398, 0.258380, -3.400000, -1.459040, 0.311635, 0.398489, 0.381977
-0.189398, 0.258380, -3.400000, -1.096780, 0.489955, 0.396421, 0.404944
-0.189398, 0.258380, -3.400000, -0.734520, 0.659131, 0.456125, 0.410069
-0.189398, 0.258380, -3.400000, -0.372260, 0.791737, 0.563745, 0.397970
-0.189398, 0.258380, -3.400000, -0.010000, 0.882248, 0.714772, 0.369017
-0.189398, 0.258380, -2.562000, -1.821300, 0.279934, 0.496046, -0.020842
-0.189398, 0.258380, -2.562000, -1.459040, 0.406762, 0.455947, -0.001058
-0.189398, 0.258380, -2.562000, -1.096780, 0.569420, 0.449470, 0.053828
-0.189398, 0.258380, -2.562000, -0.734520, 0.720010, 0.496113, 0.139571
-0.189398, 0.258380, -2.562000, -0.372260, 0.831124, 0.591095, 0.243215
-0.189398, 0.258380, -2.562000, -0.010000, 0.886720, 0.715660, 0.346587
-0.189398, 0.258380, -1.724000, -1.821300, 0.396734, 0.812311, -0.218717
-0.189398, 0.258380, -1.724000, -1.459040, 0.527607, 0.777624, -0.202293
-0.189398, 0.258380, -1.724000, -1.096780, 0.681754, 0.741661, -0.129698
-0.189398, 0.258380, -1.724000, -0.734520, 0.807058, 0.720554, -0.001977
-0.189398, 0.258380, -1.724000, -0.372260, 0.880809, 0.718260, 0.162610
-0.189398, 0.258380, -1.724000, -0.010000, 0.894291, 0.733470, 0.333949
-0.189398, 0.258380, -0.886000, -1.821300, 0.469808, 1.177376, -0.101966
-0.189398, 0.258380, -0.886000, -1.459040, 0.602009, 1.150392, -0.084700
-0.189398, 0.258380, -0.886000, -1.096780, 0.753128, 1.079802, -0.021387
-0.189398, 0.258380, -0.886000, -0.734520, 0.861677, 0.980392, 0.082389
-0.189398, 0.258380, -0.886000, -0.372260, 0.911895, 0.864606, 0.211234
-0.189398, 0.258380, -0.886000, -0.010000, 0.898752, 0.753002, 0.342261
-0.189398, 0.258380, -0.048000, -1.821300, 0.454435, 1.349343, 0.252030
-0.189398, 0.258380, -0.048000, -1.459040, 0.575439, 1.327670, 0.275227
-0.189398, 0.258380, -0.048000, -1.096780, 0.731563, 1.240948, 0.307337
-0.189398, 0.258380, -0.048000, -0.734520, 0.844690, 1.104893, 0.335471
-0.189398, 0.258380, -0.048000, -0.372260, 0.902551, 0.935343, 0.354936
-0.189398, 0.258380, -0.048000, -0.010000, 0.897734, 0.763560, 0.363254
-0.189398, 0.258380, 0.790000, -1.821300, 0.342850, 1.213490, 0.606169
-0.189398, 0.258380, 0.790000, -1.459040, 0.471696, 1.187430, 0.638439
-0.189398, 0.258380, 0.790000, -1.096780, 0.633831, 1.113580, 0.639391
-0.189398, 0.258380, 0.790000, -0.734520, 0.770416, 1.006149, 0.590519
-0.189398, 0.258380, 0.790000, -0.372260, 0.860047, 0.878991, 0.499963
-0.189398, 0.258380, 0.790000, -0.010000, 0.891303, 0.754712, 0.384533
-0.189398, 0.540360, -3.400000, -1.821300, 0.024816, 0.420943, 0.303415
-0.189398, 0.540360, -3.400000, -1.459040, 0.146552, 0.336423, 0.350433
-0.189398, 0.540360, -3.400000, -1.096780, 0.317739, 0.285811, 0.372180
-0.189398, 0.540360, -3.400000, -0.734520, 0.489099, 0.296410, 0.379392
-0.189398, 0.540360, -3.400000, -0.372260, 0.653495, 0.367421, 0.371978
-0.189398, 0.540360, -3.400000, -0.010000, 0.781449, 0.490337, 0.350345
-0.189398, 0.540360, -2.562000, -1.821300, 0.140728, 0.464238, -0.046571
-0.189398, 0.540360, -2.562000, -1.459040, 0.252345, 0.388536, -0.030140
-0.189398, 0.540360, -2.562000, -1.096780, 0.413483, 0.333200, 0.025972
-0.189398, 0.540360, -2.562000, -0.734520, 0.563543, 0.333228, 0.109620
-0.189398, 0.540360, -2.562000, -0.372260, 0.696095, 0.388320, 0.217184
-0.189398, 0.540360, -2.562000, -0.010000, 0.786494, 0.492478, 0.331193
-0.189398, 0.540360, -1.724000, -1.821300, 0.345052, 0.743663, -0.226461
-0.189398, 0.540360, -1.724000, -1.459040, 0.460298, 0.673722, -0.213694
-0.189398, 0.540360, -1.724000, -1.096780, 0.604275, 0.590714, -0.140256
-0.189398, 0.540360, -1.724000, -0.734520, 0.712486, 0.533052, -0.018762
-0.189398, 0.540360, -1.724000, -0.372260, 0.781659, 0.502228, 0.144411
-0.189398, 0.540360, -1.724000, -0.010000, 0.797114, 0.505421, 0.323477
-0.189398, 0.540360, -0.886000, -1.821300, 0.515894, 1.067748, -0.092249
-0.189398, 0.540360, -0.886000, -1.459040, 0.630655, 1.006664, -0.077082
-0.189398, 0.540360, -0.886000, -1.096780, 0.761566, 0.891478, -0.016716
-0.189398, 0.540360, -0.886000, -0.734520, 0.837094, 0.760956, 0.081481
-0.189398, 0.540360, -0.886000, -0.372260, 0.852438, 0.635155, 0.198171
-0.189398, 0.540360, -0.886000, -0.010000, 0.806308, 0.520314, 0.328572
-0.189398, 0.540360, -0.048000, -1.821300, 0.543726, 1.219324, 0.270198
-0.189398, 0.540360, -0.048000, -1.459040, 0.655931, 1.161434, 0.291697
-0.189398, 0.540360, -0.048000, -1.096780, 0.781025, 1.035945, 0.318646
-0.189398, 0.540360, -0.048000, -0.734520, 0.852487, 0.872479, 0.338465
-0.189398, 0.540360, -0.048000, -0.372260, 0.861126, 0.693271, 0.348428
-0.189398, 0.540360, -0.048000, -0.010000, 0.808836, 0.529951, 0.347707
-0.189398, 0.540360, 0.790000, -1.821300, 0.400287, 1.099140, 0.618094
-0.189398, 0.540360, 0.790000, -1.459040, 0.511237, 1.039097, 0.646094
-0.189398, 0.540360, 0.790000, -1.096780, 0.653402, 0.919493, 0.641801
-0.189398, 0.540360, 0.790000, -0.734520, 0.750848, 0.787984, 0.588270
-0.189398, 0.540360, 0.790000, -0.372260, 0.803616, 0.646486, 0.491079
-0.189398, 0.540360, 0.790000, -0.010000, 0.799635, 0.519768, 0.364110
-0.189398, 0.822340, -3.400000, -1.821300, -0.129502, 0.448260, 0.270758
-0.189398, 0.822340, -3.400000, -1.459040, -0.030683, 0.322822, 0.316661
-0.189398, 0.822340, -3.400000, -1.096780, 0.120391, 0.227186, 0.334662
-0.189398, 0.822340, -3.400000, -0.734520, 0.288288, 0.191297, 0.341403
-0.189398, 0.822340, -3.400000, -0.372260, 0.465877, 0.216262, 0.336756
-0.189398, 0.822340, -3.400000, -0.010000, 0.622504, 0.301546, 0.320836
-0.189398, 0.822340, -2.562000, -1.821300, 0.002335, 0.467681, -0.073249
-0.189398, 0.822340, -2.562000, -1.459040, 0.089832, 0.363543, -0.060860
-0.189398, 0.822340, -2.562000, -1.096780, 0.229802, 0.264354, -0.008063
-0.189398, 0.822340, -2.562000, -0.734520, 0.373536, 0.220493, 0.075073
-0.189398, 0.822340, -2.562000, -0.372260, 0.514912, 0.233320, 0.184838
-0.189398, 0.822340, -2.562000, -0.010000, 0.628768, 0.304162, 0.303611
-0.189398, 0.822340, -1.724000, -1.821300, 0.278233, 0.689667, -0.239232
-0.189398, 0.822340, -1.724000, -1.459040, 0.370228, 0.589923, -0.229511
-0.189398, 0.822340, -1.724000, -1.096780, 0.480598, 0.473295, -0.164746
-0.189398, 0.822340, -1.724000, -0.734520, 0.571884, 0.378681, -0.042083
-0.189398, 0.822340, -1.724000, -0.372260, 0.628033, 0.322867, 0.119216
-0.189398, 0.822340, -1.724000, -0.010000, 0.641851, 0.312764, 0.290338
-0.189398, 0.822340, -0.886000, -1.821300, 0.527738, 0.950464, -0.088693
-0.189398, 0.822340, -0.886000, -1.459040, 0.622246, 0.858016, -0.077051
-0.189398, 0.822340, -0.886000, -1.096780, 0.716001, 0.710078, -0.023515
-0.189398, 0.822340, -0.886000, -0.734520, 0.751865, 0.559603, 0.067597
-0.189398, 0.822340, -0.886000, -0.372260, 0.731000, 0.429191, 0.177470
-0.189398, 0.822340, -0.886000, -0.010000, 0.654225, 0.324642, 0.301599
-0.189398, 0.822340, -0.048000, -1.821300, 0.591767, 1.070579, 0.280404
-0.189398, 0.822340, -0.048000, -1.459040, 0.685447, 0.980806, 0.298577
-0.189398, 0.822340, -0.048000, -1.096780, 0.771198, 0.826866, 0.318193
-0.189398, 0.822340, -0.048000, -0.734520, 0.795257, 0.649722, 0.328899
-0.189398, 0.822340, -0.048000, -0.372260, 0.754673, 0.475165, 0.329540
-0.189398, 0.822340, -0.048000, -0.010000, 0.660143, 0.332501, 0.320470
-0.189398, 0.822340, 0.790000, -1.821300, 0.416842, 0.977336, 0.620933
-0.189398, 0.822340, 0.790000, -1.459040, 0.508935, 0.886107, 0.645659
-0.189398, 0.822340, 0.790000, -1.096780, 0.613234, 0.734738, 0.635255
-0.189398, 0.822340, 0.790000, -0.734520, 0.673484, 0.578479, 0.571459
-0.189398, 0.822340, 0.790000, -0.372260, 0.685595, 0.439860, 0.471072
-0.189398, 0.822340, 0.790000, -0.010000, 0.649061, 0.325477, 0.337961
-0.189398, 1.104320, -3.400000, -1.821300, -0.264831, 0.501449, 0.245629
-0.189398, 1.104320, -3.400000, -1.459040, -0.203018, 0.355007, 0.283936
-0.189398, 1.104320, -3.400000, -1.096780, -0.088669, 0.227424, 0.295227
-0.189398, 1.104320, -3.400000, -0.734520, 0.070193, 0.144204, 0.299196
-0.189398, 1.104320, -3.400000, -0.372260, 0.248282, 0.122649, 0.294575
-0.189398, 1.104320, -3.400000, -0.010000, 0.414775, 0.162159, 0.282810
-0.189398, 1.104320, -2.562000, -1.821300, -0.131537, 0.512101, -0.099077
-0.189398, 1.104320, -2.562000, -1.459040, -0.075505, 0.386864, -0.092816
-0.189398, 1.104320, -2.562000, -1.096780, 0.031646, 0.250604, -0.046320
-0.189398, 1.104320, -2.562000, -0.734520, 0.157256, 0.165179, 0.033481
-0.189398, 1.104320, -2.562000, -0.372260, 0.295909, 0.133626, 0.142909
-0.189398, 1.104320, -2.562000, -0.010000, 0.423859, 0.164926, 0.264516
-0.189398, 1.104320, -1.724000, -1.821300, 0.196699, 0.658415, -0.254415
-0.189398, 1.104320, -1.724000, -1.459040, 0.258151, 0.536910, -0.250015
-0.189398, 1.104320, -1.724000, -1.096780, 0.332375, 0.391924, -0.192386
-0.189398, 1.104320, -1.724000, -0.734520, 0.393525, 0.270144, -0.075340
-0.189398, 1.104320, -1.724000, -0.372260, 0.430907, 0.193351, 0.082437
-0.189398, 1.104320, -1.724000, -0.010000, 0.439957, 0.171288, 0.252528
-0.189398, 1.104320, -0.886000, -1.821300, 0.506886, 0.833954, -0.091446
-0.189398, 1.104320, -0.886000, -1.459040, 0.573415, 0.716817, -0.084789
-0.189398, 1.104320, -0.886000, -1.096780, 0.622333, 0.547950, -0.039434
-0.189398, 1.104320, -0.886000, -0.734520, 0.616447, 0.395366, 0.039457
-0.189398, 1.104320, -0.886000, -0.372260, 0.558217, 0.263969, 0.146583
-0.189398, 1.104320, -0.886000, -0.010000, 0.454548, 0.178464, 0.265392
-0.189398, 1.104320, -0.048000, -1.821300, 0.597157, 0.914238, 0.282453
-0.189398, 1.104320, -0.048000, -1.459040, 0.664143, 0.798997, 0.295668
-0.189398, 1.104320, -0.048000, -1.096780, 0.704383, 0.628674, 0.306612
-0.189398, 1.104320, -0.048000, -0.734520, 0.679167, 0.451664, 0.307900
-0.189398, 1.104320, -0.048000, -0.372260, 0.592777, 0.295087, 0.299537
-0.189398, 1.104320, -0.048000, -0.010000, 0.463140, 0.184129, 0.283654
-0.189398, 1.104320, 0.790000, -1.821300, 0.402748, 0.851625, 0.618864
-0.189398, 1.104320, 0.790000, -1.459040, 0.467093, 0.735228, 0.637769
-0.189398, 1.104320, 0.790000, -1.096780, 0.525765, 0.563391, 0.617717
-0.189398, 1.104320, 0.790000, -0.734520, 0.540918, 0.407496, 0.549000
-0.189398, 1.104320, 0.790000, -0.372260, 0.514827, 0.270307, 0.436841
-0.189398, 1.104320, 0.790000, -0.010000, 0.452600, 0.181047, 0.304387
-0.189398, 1.386300, -3.400000, -1.821300, -0.382001, 0.603547, 0.222426
-0.189398, 1.386300, -3.400000, -1.459040, -0.363562, 0.441258, 0.253071
-0.189398, 1.386300, -3.400000, -1.096780, -0.284669, 0.280271, 0.257062
-0.189398, 1.386300, -3.400000, -0.734520, -0.159852, 0.162661, 0.255842
-0.189398, 1.386300, -3.400000, -0.372260, 0.005223, 0.093078, 0.249243
-0.189398, 1.386300, -3.400000, -0.010000, 0.184082, 0.086984, 0.238114
-0.189398, 1.386300, -2.562000, -1.821300, -0.247642, 0.584116, -0.122480
-0.189398, 1.386300, -2.562000, -1.459040, -0.226388, 0.448110, -0.122085
-0.189398, 1.386300, -2.562000, -1.096780, -0.163094, 0.292770, -0.084853
-0.189398, 1.386300, -2.562000, -0.734520, -0.061227, 0.167846, -0.006384
-0.189398, 1.386300, -2.562000, -0.372260, 0.057638, 0.098508, 0.096206
-0.189398, 1.386300, -2.562000, -0.010000, 0.188310, 0.087468, 0.218544
-0.189398, 1.386300, -1.724000, -1.821300, 0.109384, 0.651212, -0.270818
-0.189398, 1.386300, -1.724000, -1.459040, 0.136297, 0.516667, -0.273272
-0.189398, 1.386300, -1.724000, -1.096780, 0.169073, 0.347930, -0.220109
-0.189398, 1.386300, -1.724000, -0.734520, 0.192468, 0.215255, -0.113959
-0.189398, 1.386300, -1.724000, -0.372260, 0.206286, 0.123129, 0.039266
-0.189398, 1.386300, -1.724000, -0.010000, 0.207552, 0.090654, 0.207803
-0.189398, 1.386300, -0.886000, -1.821300, 0.454273, 0.727787, -0.100448
-0.189398, 1.386300, -0.886000, -1.459040, 0.487267, 0.595273, -0.100086
-0.189398, 1.386300, -0.886000, -1.096780, 0.487984, 0.418396, -0.063444
-0.189398, 1.386300, -0.886000, -0.734520, 0.439967, 0.269792, 0.007110
-0.189398, 1.386300, -0.886000, -0.372260, 0.347325, 0.153818, 0.107525
-0.189398, 1.386300, -0.886000, -0.010000, 0.223329, 0.093397, 0.222057
-0.189398, 1.386300, -0.048000, -1.821300, 0.559057, 0.763377, 0.276120
-0.189398, 1.386300, -0.048000, -1.459040, 0.593398, 0.631812, 0.283410
-0.189398, 1.386300, -0.048000, -1.096780, 0.584291, 0.450649, 0.285111
-0.189398, 1.386300, -0.048000, -0.734520, 0.514305, 0.294821, 0.277304
-0.189398, 1.386300, -0.048000, -0.372260, 0.389261, 0.167635, 0.261375
-0.189398, 1.386300, -0.048000, -0.010000, 0.234830, 0.096186, 0.240397
-0.189398, 1.386300, 0.790000, -1.821300, 0.353815, 0.734502, 0.610029
-0.189398, 1.386300, 0.790000, -1.459040, 0.384452, 0.602365, 0.622148
-0.189398, 1.386300, 0.790000, -1.096780, 0.394309, 0.431108, 0.594544
-0.189398, 1.386300, 0.790000, -0.734520, 0.366342, 0.273737, 0.514558
-0.189398, 1.386300, 0.790000, -0.372260, 0.304505, 0.155404, 0.395261
-0.189398, 1.386300, 0.790000, -0.010000, 0.221118, 0.093949, 0.258680
0.108602, -0.023600, -3.400000, -1.821300, 0.336473, 0.508590, 0.236811
0.108602, -0.023600, -3.400000, -1.459040, 0.499104, 0.504432, 0.246520
0.108602, -0.023600, -3.400000, -1.096780, 0.670002, 0.551049, 0.216253
0.108602, -0.023600, -3.400000, -0.734520, 0.810445, 0.653619, 0.173174
0.108602, -0.023600, -3.400000, -0.372260, 0.899084, 0.791771, 0.125253
0.108602, -0.023600, -3.400000, -0.010000, 0.932088, 0.959645, 0.074433
0.108602, -0.023600, -2.562000, -1.821300, 0.326782, 0.565304, -0.126925
0.108602, -0.023600, -2.562000, -1.459040, 0.458592, 0.561884, -0.146222
0.108602, -0.023600, -2.562000, -1.096780, 0.632824, 0.604876, -0.140906
0.108602, -0.023600, -2.562000, -0.734520, 0.776040, 0.691625, -0.103340
0.108602, -0.023600, -2.562000, -0.372260, 0.882244, 0.818424, -0.035085
0.108602, -0.023600, -2.562000, -0.010000, 0.929264, 0.959083, 0.050371
0.108602, -0.023600, -1.724000, -1.821300, 0.287326, 0.889505, -0.342573
0.108602, -0.023600, -1.724000, -1.459040, 0.420497, 0.891963, -0.367140
0.108602, -0.023600, -1.724000, -1.096780, 0.598680, 0.904084, -0.342499
0.108602, -0.023600, -1.724000, -0.734520, 0.756011, 0.924848, -0.256382
0.108602, -0.023600, -1.724000, -0.372260, 0.867454, 0.950364, -0.126597
0.108602, -0.023600, -1.724000, -0.010000, 0.927830, 0.979764, 0.040776
0.108602, -0.023600, -0.886000, -1.821300, 0.292755, 1.267308, -0.245763
0.108602, -0.023600, -0.886000, -1.459040, 0.415931, 1.278539, -0.267236
0.108602, -0.023600, -0.886000, -1.096780, 0.599769, 1.253796, -0.252574
0.108602, -0.023600, -0.886000, -0.734520, 0.757303, 1.192737, -0.187658
0.108602, -0.023600, -0.886000, -0.372260, 0.868219, 1.106631, -0.086439
0.108602, -0.023600, -0.886000, -0.010000, 0.928213, 0.998784, 0.045503
0.108602, -0.023600, -0.048000, -1.821300, 0.324827, 1.448267, 0.103600
0.108602, -0.023600, -0.048000, -1.459040, 0.452170, 1.463583, 0.089398
0.108602, -0.023600, -0.048000, -1.096780, 0.628198, 1.422996, 0.072494
0.108602, -0.023600, -0.048000, -0.734520, 0.778809, 1.323855, 0.062458
0.108602, -0.023600, -0.048000, -0.372260, 0.884282, 1.177322, 0.060398
0.108602, -0.023600, -0.048000, -0.010000, 0.929784, 1.011005, 0.065514
0.108602, -0.023600, 0.790000, -1.821300, 0.365082, 1.308784, 0.472712
0.108602, -0.023600, 0.790000, -1.459040, 0.496258, 1.321915, 0.465167
0.108602, -0.023600, 0.790000, -1.096780, 0.672700, 1.292809, 0.414670
0.108602, -0.023600, 0.790000, -0.734520, 0.808594, 1.225975, 0.328512
0.108602, -0.023600, 0.790000, -0.372260, 0.901291, 1.122807, 0.213374
0.108602, -0.023600, 0.790000, -0.010000, 0.932653, 0.999184, 0.085624
0.108602, 0.258380, -3.400000, -1.821300, 0.197174, 0.448622, 0.255097
0.108602, 0.258380, -3.400000, -1.459040, 0.359991, 0.398020, 0.262976
0.108602, 0.258380, -3.400000, -1.096780, 0.529640, 0.396232, 0.233693
0.108602, 0.258380, -3.400000, -0.734520, 0.693061, 0.454987, 0.188745
0.108602, 0.258380, -3.400000, -0.372260, 0.816732, 0.561821, 0.137476
0.108602, 0.258380, -3.400000, -0.010000, 0.895532, 0.712060, 0.082018
0.108602, 0.258380, -2.562000, -1.821300, 0.204105, 0.494693, -0.112224
0.108602, 0.258380, -2.562000, -1.459040, 0.331349, 0.453829, -0.130435
0.108602, 0.258380, -2.562000, -1.096780, 0.502904, 0.446814, -0.125811
0.108602, 0.258380, -2.562000, -0.734520, 0.672222, 0.493236, -0.088539
0.108602, 0.258380, -2.562000, -0.372260, 0.809323, 0.588224, -0.022810
0.108602, 0.258380, -2.562000, -0.010000, 0.893250, 0.713334, 0.058183
0.108602, 0.258380, -1.724000, -1.821300, 0.260689, 0.808380, -0.337494
0.108602, 0.258380, -1.724000, -1.459040, 0.388390, 0.773559, -0.360819
0.108602, 0.258380, -1.724000, -1.096780, 0.564746, 0.736012, -0.334170
0.108602, 0.258380, -1.724000, -0.734520, 0.714393, 0.716835, -0.251272
0.108602, 0.258380, -1.724000, -0.372260, 0.833464, 0.715205, -0.115975
0.108602, 0.258380, -1.724000, -0.010000, 0.896988, 0.731447, 0.043692
0.108602, 0.258380, -0.886000, -1.821300, 0.363408, 1.174408, -0.250689
0.108602, 0.258380, -0.886000, -1.459040, 0.495004, 1.146823, -0.272883
0.108602, 0.258380, -0.886000, -1.096780, 0.657114, 1.076927, -0.256470
0.108602, 0.258380, -0.886000, -0.734520, 0.792222, 0.977381, -0.188498
0.108602, 0.258380, -0.886000, -0.372260, 0.877967, 0.862380, -0.079428
0.108602, 0.258380, -0.886000, -0.010000, 0.903912, 0.751696, 0.050428
0.108602, 0.258380, -0.048000, -1.821300, 0.452861, 1.348820, 0.091047
0.108602, 0.258380, -0.048000, -1.459040, 0.575574, 1.326635, 0.077630
0.108602, 0.258380, -0.048000, -1.096780, 0.739786, 1.235362, 0.063137
0.108602, 0.258380, -0.048000, -0.734520, 0.850901, 1.103690, 0.057608
0.108602, 0.258380, -0.048000, -0.372260, 0.911626, 0.934324, 0.060490
0.108602, 0.258380, -0.048000, -0.010000, 0.909309, 0.762716, 0.071185
0.108602, 0.258380, 0.790000, -1.821300, 0.450131, 1.215745, 0.463001
0.108602, 0.258380, 0.790000, -1.459040, 0.583936, 1.188906, 0.456173
0.108602, 0.258380, 0.790000, -1.096780, 0.738962, 1.114606, 0.409999
0.108602, 0.258380, 0.790000, -0.734520, 0.854811, 1.006358, 0.323882
0.108602, 0.258380, 0.790000, -0.372260, 0.913614, 0.878248, 0.211677
0.108602, 0.258380, 0.790000, -0.010000, 0.909109, 0.753152, 0.093716
0.108602, 0.540360, -3.400000, -1.821300, 0.055641, 0.423809, 0.274585
0.108602, 0.540360, -3.400000, -1.459040, 0.184820, 0.338092, 0.283003
0.108602, 0.540360, -3.400000, -1.096780, 0.354650, 0.286348, 0.254036
0.108602, 0.540360, -3.400000, -0.734520, 0.527924, 0.297583, 0.208417
0.108602, 0.540360, -3.400000, -0.372260, 0.675999, 0.365630, 0.154885
0.108602, 0.540360, -3.400000, -0.010000, 0.792672, 0.487535, 0.095726
0.108602, 0.540360, -2.562000, -1.821300, 0.069028, 0.458735, -0.097006
0.108602, 0.540360, -2.562000, -1.459040, 0.174292, 0.387420, -0.112255
0.108602, 0.540360, -2.562000, -1.096780, 0.344606, 0.331193, -0.105847
0.108602, 0.540360, -2.562000, -0.734520, 0.520079, 0.331920, -0.067999
0.108602, 0.540360, -2.562000, -0.372260, 0.671317, 0.385545, -0.007001
0.108602, 0.540360, -2.562000, -0.010000, 0.791877, 0.489736, 0.074562
0.108602, 0.540360, -1.724000, -1.821300, 0.212188, 0.737082, -0.331551
0.108602, 0.540360, -1.724000, -1.459040, 0.319984, 0.670447, -0.351073
0.108602, 0.540360, -1.724000, -1.096780, 0.478393, 0.587713, -0.323148
0.108602, 0.540360, -1.724000, -0.734520, 0.623162, 0.528490, -0.234193
0.108602, 0.540360, -1.724000, -0.372260, 0.731951, 0.500186, -0.103682
0.108602, 0.540360, -1.724000, -0.010000, 0.800118, 0.503863, 0.063053
0.108602, 0.540360, -0.886000, -1.821300, 0.409007, 1.065342, -0.253753
0.108602, 0.540360, -0.886000, -1.459040, 0.523387, 1.003692, -0.273334
0.108602, 0.540360, -0.886000, -1.096780, 0.666509, 0.888707, -0.253381
0.108602, 0.540360, -0.886000, -0.734520, 0.767640, 0.758704, -0.180793
0.108602, 0.540360, -0.886000, -0.372260, 0.816575, 0.633752, -0.072875
0.108602, 0.540360, -0.886000, -0.010000, 0.811131, 0.519534, 0.065870
0.108602, 0.540360, -0.048000, -1.821300, 0.543070, 1.218869, 0.083001
0.108602, 0.540360, -0.048000, -1.459040, 0.656786, 1.160629, 0.071157
0.108602, 0.540360, -0.048000, -1.096780, 0.784344, 1.035400, 0.060843
0.108602, 0.540360, -0.048000, -0.734520, 0.858552, 0.871937, 0.060048
0.108602, 0.540360, -0.048000, -0.372260, 0.869673, 0.692949, 0.068387
0.108602, 0.540360, -0.048000, -0.010000, 0.819599, 0.529648, 0.084139
0.108602, 0.540360, 0.790000, -1.821300, 0.508069, 1.101544, 0.458372
0.108602, 0.540360, 0.790000, -1.459040, 0.623138, 1.040687, 0.453070
0.108602, 0.540360, 0.790000, -1.096780, 0.757592, 0.920774, 0.408284
0.108602, 0.540360, 0.790000, -0.734520, 0.834482, 0.788804, 0.329822
0.108602, 0.540360, 0.790000, -0.372260, 0.856323, 0.646393, 0.222534
0.108602, 0.540360, 0.790000, -0.010000, 0.815165, 0.518835, 0.103072
0.108602, 0.822340, -3.400000, -1.821300, -0.094519, 0.438972, 0.288602
0.108602, 0.822340, -3.400000, -1.459040, 0.007509, 0.323404, 0.303150
0.108602, 0.822340, -3.400000, -1.096780, 0.156943, 0.227571, 0.276359
0.108602, 0.822340, -3.400000, -0.734520, 0.319243, 0.191344, 0.233661
0.108602, 0.822340, -3.400000, -0.372260, 0.487655, 0.215811, 0.176821
0.108602, 0.822340, -3.400000, -0.010000, 0.632800, 0.300602, 0.114978
0.108602, 0.822340, -2.562000, -1.821300, -0.075435, 0.466035, -0.080844
0.108602, 0.822340, -2.562000, -1.459040, 0.011763, 0.361611, -0.093912
0.108602, 0.822340, -2.562000, -1.096780, 0.160874, 0.262328, -0.083692
0.108602, 0.822340, -2.562000, -0.734520, 0.322619, 0.218593, -0.046046
0.108602, 0.822340, -2.562000, -0.372260, 0.489995, 0.231746, 0.017323
0.108602, 0.822340, -2.562000, -0.010000, 0.628293, 0.298911, 0.093250
0.108602, 0.822340, -1.724000, -1.821300, 0.140187, 0.685813, -0.322276
0.108602, 0.822340, -1.724000, -1.459040, 0.230309, 0.585869, -0.338914
0.108602, 0.822340, -1.724000, -1.096780, 0.355037, 0.469173, -0.308475
0.108602, 0.822340, -1.724000, -0.734520, 0.478281, 0.374951, -0.217174
0.108602, 0.822340, -1.724000, -0.372260, 0.578992, 0.320306, -0.078845
0.108602, 0.822340, -1.724000, -0.010000, 0.642234, 0.311549, 0.080831
0.108602, 0.822340, -0.886000, -1.821300, 0.423518, 0.946731, -0.253583
0.108602, 0.822340, -0.886000, -1.459040, 0.516622, 0.853865, -0.269596
0.108602, 0.822340, -0.886000, -1.096780, 0.622286, 0.705680, -0.244168
0.108602, 0.822340, -0.886000, -0.734520, 0.680946, 0.562136, -0.170924
0.108602, 0.822340, -0.886000, -0.372260, 0.694499, 0.426203, -0.054175
0.108602, 0.822340, -0.886000, -0.010000, 0.657030, 0.323176, 0.087699
0.108602, 0.822340, -0.048000, -1.821300, 0.593499, 1.069110, 0.079488
0.108602, 0.822340, -0.048000, -1.459040, 0.687394, 0.979175, 0.070478
0.108602, 0.822340, -0.048000, -1.096780, 0.775427, 0.824626, 0.064797
0.108602, 0.822340, -0.048000, -0.734520, 0.800586, 0.647839, 0.069485
0.108602, 0.822340, -0.048000, -0.372260, 0.761525, 0.473438, 0.083274
0.108602, 0.822340, -0.048000, -0.010000, 0.668119, 0.331100, 0.103435
0.108602, 0.822340, 0.790000, -1.821300, 0.525911, 0.978867, 0.457292
0.108602, 0.822340, 0.790000, -1.459040, 0.620745, 0.887011, 0.454821
0.108602, 0.822340, 0.790000, -1.096780, 0.717454, 0.735183, 0.414558
0.108602, 0.822340, 0.790000, -0.734520, 0.755541, 0.578355, 0.337078
0.108602, 0.822340, 0.790000, -0.372260, 0.737065, 0.439109, 0.238648
0.108602, 0.822340, 0.790000, -0.010000, 0.662596, 0.324169, 0.122949
0.108602, 1.104320, -3.400000, -1.821300, -0.236695, 0.499551, 0.302635
0.108602, 1.104320, -3.400000, -1.459040, -0.169312, 0.359919, 0.321962
0.108602, 1.104320, -3.400000, -1.096780, -0.051833, 0.226065, 0.299282
0.108602, 1.104320, -3.400000, -0.734520, 0.094461, 0.145937, 0.258805
0.108602, 1.104320, -3.400000, -0.372260, 0.263129, 0.122373, 0.202527
0.108602, 1.104320, -3.400000, -0.010000, 0.425925, 0.163032, 0.139298
0.108602, 1.104320, -2.562000, -1.821300, -0.209988, 0.507087, -0.066937
0.108602, 1.104320, -2.562000, -1.459040, -0.153944, 0.381986, -0.075984
0.108602, 1.104320, -2.562000, -1.096780, -0.043003, 0.251502, -0.062586
0.108602, 1.104320, -2.562000, -0.734520, 0.106813, 0.162322, -0.020763
0.108602, 1.104320, -2.562000, -0.372260, 0.271517, 0.132406, 0.043791
0.108602, 1.104320, -2.562000, -0.010000, 0.422780, 0.162771, 0.118841
0.108602, 1.104320, -1.724000, -1.821300, 0.055792, 0.658315, -0.311550
0.108602, 1.104320, -1.724000, -1.459040, 0.115800, 0.536214, -0.325706
0.108602, 1.104320, -1.724000, -1.096780, 0.206949, 0.385189, -0.289301
0.108602, 1.104320, -1.724000, -0.734520, 0.295319, 0.269361, -0.198593
0.108602, 1.104320, -1.724000, -0.372260, 0.377657, 0.192353, -0.058951
0.108602, 1.104320, -1.724000, -0.010000, 0.438829, 0.170528, 0.108378
0.108602, 1.104320, -0.886000, -1.821300, 0.404068, 0.827404, -0.249902
0.108602, 1.104320, -0.886000, -1.459040, 0.468969, 0.709522, -0.261348
0.108602, 1.104320, -0.886000, -1.096780, 0.526452, 0.547902, -0.232269
0.108602, 1.104320, -0.886000, -0.734520, 0.544149, 0.389366, -0.150593
0.108602, 1.104320, -0.886000, -0.372260, 0.518790, 0.259723, -0.029349
0.108602, 1.104320, -0.886000, -0.010000, 0.457218, 0.178941, 0.109026
0.108602, 1.104320, -0.048000, -1.821300, 0.595848, 0.916086, 0.081346
0.108602, 1.104320, -0.048000, -1.459040, 0.664431, 0.801097, 0.074876
0.108602, 1.104320, -0.048000, -1.096780, 0.707409, 0.623489, 0.074663
0.108602, 1.104320, -0.048000, -0.734520, 0.681989, 0.446633, 0.085332
0.108602, 1.104320, -0.048000, -0.372260, 0.600329, 0.297004, 0.103086
0.108602, 1.104320, -0.048000, -0.010000, 0.465723, 0.181529, 0.127757
0.108602, 1.104320, 0.790000, -1.821300, 0.513338, 0.850467, 0.460637
0.108602, 1.104320, 0.790000, -1.459040, 0.575866, 0.740870, 0.460760
0.108602, 1.104320, 0.790000, -1.096780, 0.627195, 0.568668, 0.426840
0.108602, 1.104320, 0.790000, -0.734520, 0.621222, 0.405138, 0.354516
0.108602, 1.104320, 0.790000, -0.372260, 0.565609, 0.273208, 0.260290
0.108602, 1.104320, 0.790000, -0.010000, 0.462665, 0.179206, 0.147809
0.108602, 1.386300, -3.400000, -1.821300, -0.355852, 0.592261, 0.314601
0.108602, 1.386300, -3.400000, -1.459040, -0.329191, 0.442020, 0.338785
0.108602, 1.386300, -3.400000, -1.096780, -0.252777, 0.280869, 0.320450
0.108602, 1.386300, -3.400000, -0.734520, -0.133838, 0.163025, 0.283411
0.108602, 1.386300, -3.400000, -0.372260, 0.022079, 0.093234, 0.229050
0.108602, 1.386300, -3.400000, -0.010000, 0.189781, 0.086832, 0.165907
0.108602, 1.386300, -2.562000, -1.821300, -0.328856, 0.581903, -0.055356
0.108602, 1.386300, -2.562000, -1.459040, -0.310092, 0.453655, -0.060237
0.108602, 1.386300, -2.562000, -1.096780, -0.236906, 0.290582, -0.041684
0.108602, 1.386300, -2.562000, -0.734520, -0.116416, 0.166133, 0.004487
0.108602, 1.386300, -2.562000, -0.372260, 0.027302, 0.097387, 0.068235
0.108602, 1.386300, -2.562000, -0.010000, 0.188107, 0.087109, 0.146924
0.108602, 1.386300, -1.724000, -1.821300, -0.030639, 0.646740, -0.302665
0.108602, 1.386300, -1.724000, -1.459040, -0.005819, 0.512055, -0.311615
0.108602, 1.386300, -1.724000, -1.096780, 0.038474, 0.350423, -0.271994
0.108602, 1.386300, -1.724000, -0.734520, 0.093964, 0.211898, -0.172848
0.108602, 1.386300, -1.724000, -0.372260, 0.152001, 0.121098, -0.029534
0.108602, 1.386300, -1.724000, -0.010000, 0.202586, 0.090125, 0.131535
0.108602, 1.386300, -0.886000, -1.821300, 0.349218, 0.723405, -0.241602
0.108602, 1.386300, -0.886000, -1.459040, 0.380453, 0.590588, -0.249734
0.108602, 1.386300, -0.886000, -1.096780, 0.391280, 0.414147, -0.213271
0.108602, 1.386300, -0.886000, -0.734520, 0.365627, 0.266333, -0.130353
0.108602, 1.386300, -0.886000, -0.372260, 0.306129, 0.151679, -0.006132
0.108602, 1.386300, -0.886000, -0.010000, 0.225076, 0.094124, 0.133724
0.108602, 1.386300, -0.048000, -1.821300, 0.560182, 0.761029, 0.087507
0.108602, 1.386300, -0.048000, -1.459040, 0.594580, 0.629270, 0.085149
0.108602, 1.386300, -0.048000, -1.096780, 0.587366, 0.456045, 0.090387
0.108602, 1.386300, -0.048000, -0.734520, 0.515739, 0.292828, 0.105340
0.108602, 1.386300, -0.048000, -0.372260, 0.390951, 0.166347, 0.127860
0.108602, 1.386300, -0.048000, -0.010000, 0.236867, 0.095693, 0.153700
0.108602, 1.386300, 0.790000, -1.821300, 0.461889, 0.735275, 0.467303
0.108602, 1.386300, 0.790000, -1.459040, 0.494167, 0.602944, 0.470787
0.108602, 1.386300, 0.790000, -1.096780, 0.495012, 0.431732, 0.442302
0.108602, 1.386300, 0.790000, -0.734520, 0.444010, 0.274036, 0.375307
0.108602, 1.386300, 0.790000, -0.372260, 0.354323, 0.159539, 0.284697
0.108602, 1.386300, 0.790000, -0.010000, 0.229425, 0.093695, 0.174422
0.406602, -0.023600, -3.400000, -1.821300, 0.337699, 0.507570, 0.115845
0.406602, -0.023600, -3.400000, -1.459040, 0.497290, 0.503839, 0.076781
0.406602, -0.023600, -3.400000, -1.096780, 0.645117, 0.547861, 0.000817
0.406602, -0.023600, -3.400000, -0.734520, 0.767632, 0.648801, -0.082402
0.406602, -0.023600, -3.400000, -0.372260, 0.841613, 0.792575, -0.158514
0.406602, -0.023600, -3.400000, -0.010000, 0.857737, 0.952775, -0.215401
0.406602, -0.023600, -2.562000, -1.821300, 0.215159, 0.563346, -0.226510
0.406602, -0.023600, -2.562000, -1.459040, 0.335875, 0.558489, -0.283975
0.406602, -0.023600, -2.562000, -1.096780, 0.504318, 0.599810, -0.331179
0.406602, -0.023600, -2.562000, -0.734520, 0.659010, 0.690351, -0.338082
0.406602, -0.023600, -2.562000, -0.372260, 0.775643, 0.811769, -0.305974
0.406602, -0.023600, -2.562000, -0.010000, 0.848900, 0.959147, -0.236223
0.406602, -0.023600, -1.724000, -1.821300, 0.122805, 0.885123, -0.427918
0.406602, -0.023600, -1.724000, -1.459040, 0.242651, 0.887360, -0.489245
0.406602, -0.023600, -1.724000, -1.096780, 0.415014, 0.897282, -0.517075
0.406602, -0.023600, -1.724000, -0.734520, 0.590652, 0.918122, -0.481584
0.406602, -0.023600, -1.724000, -0.372260, 0.740800, 0.945754, -0.386091
0.406602, -0.023600, -1.724000, -0.010000, 0.842745, 0.974849, -0.249792
0.406602, -0.023600, -0.886000, -1.821300, 0.150493, 1.263458, -0.335115
0.406602, -0.023600, -0.886000, -1.459040, 0.270246, 1.273921, -0.396066
0.406602, -0.023600, -0.886000, -1.096780, 0.442400, 1.249517, -0.433353
0.406602, -0.023600, -0.886000, -0.734520, 0.611923, 1.188907, -0.417330
0.406602, -0.023600, -0.886000, -0.372260, 0.753127, 1.098856, -0.349563
0.406602, -0.023600, -0.886000, -0.010000, 0.844541, 0.996098, -0.244399
0.406602, -0.023600, -0.048000, -1.821300, 0.284766, 1.446559, -0.013073
0.406602, -0.023600, -0.048000, -1.459040, 0.403122, 1.461307, -0.064646
0.406602, -0.023600, -0.048000, -1.096780, 0.572483, 1.417951, -0.134444
0.406602, -0.023600, -0.048000, -0.734520, 0.707017, 1.321804, -0.185227
0.406602, -0.023600, -0.048000, -0.372260, 0.807093, 1.175533, -0.217243
0.406602, -0.023600, -0.048000, -0.010000, 0.853215, 1.001437, -0.224293
0.406602, -0.023600, 0.790000, -1.821300, 0.437220, 1.311428, 0.326783
0.406602, -0.023600, 0.790000, -1.459040, 0.555876, 1.322272, 0.282748
0.406602, -0.023600, 0.790000, -1.096780, 0.709982, 1.292356, 0.182683
0.406602, -0.023600, 0.790000, -0.734520, 0.818228, 1.220542, 0.055334
0.406602, -0.023600, 0.790000, -0.372260, 0.869158, 1.120347, -0.075356
0.406602, -0.023600, 0.790000, -0.010000, 0.861397, 0.995862, -0.205957
0.406602, 0.258380, -3.400000, -1.821300, 0.211958, 0.445998, 0.174201
0.406602, 0.258380, -3.400000, -1.459040, 0.362940, 0.397919, 0.136838
0.406602, 0.258380, -3.400000, -1.096780, 0.516510, 0.394690, 0.059367
0.406602, 0.258380, -3.400000, -0.734520, 0.660034, 0.451778, -0.032031
0.406602, 0.258380, -3.400000, -0.372260, 0.767664, 0.563023, -0.121998
0.406602, 0.258380, -3.400000, -0.010000, 0.823852, 0.706625, -0.195693
0.406602, 0.258380, -2.562000, -1.821300, 0.104256, 0.493281, -0.176574
0.406602, 0.258380, -2.562000, -1.459040, 0.219902, 0.451328, -0.231150
0.406602, 0.258380, -2.562000, -1.096780, 0.392713, 0.443813, -0.278836
0.406602, 0.258380, -2.562000, -0.734520, 0.558101, 0.488272, -0.292334
0.406602, 0.258380, -2.562000, -0.372260, 0.709008, 0.582717, -0.271024
0.406602, 0.258380, -2.562000, -0.010000, 0.817705, 0.713844, -0.216273
0.406602, 0.258380, -1.724000, -1.821300, 0.091146, 0.805075, -0.410754
0.406602, 0.258380, -1.724000, -1.459040, 0.207763, 0.769162, -0.470662
0.406602, 0.258380, -1.724000, -1.096780, 0.384004, 0.730930, -0.497521
0.406602, 0.258380, -1.724000, -0.734520, 0.551549, 0.711506, -0.462622
0.406602, 0.258380, -1.724000, -0.372260, 0.705409, 0.710171, -0.368760
0.406602, 0.258380, -1.724000, -0.010000, 0.817101, 0.728478, -0.228597
0.406602, 0.258380, -0.886000, -1.821300, 0.223654, 1.169855, -0.364816
0.406602, 0.258380, -0.886000, -1.459040, 0.338103, 1.142062, -0.421294
0.406602, 0.258380, -0.886000, -1.096780, 0.497886, 1.071764, -0.453082
0.406602, 0.258380, -0.886000, -0.734520, 0.646544, 0.972451, -0.427088
0.406602, 0.258380, -0.886000, -0.372260, 0.760618, 0.857739, -0.347313
0.406602, 0.258380, -0.886000, -0.010000, 0.823069, 0.748258, -0.230085
0.406602, 0.258380, -0.048000, -1.821300, 0.404072, 1.347077, -0.062239
0.406602, 0.258380, -0.048000, -1.459040, 0.516829, 1.324572, -0.110676
0.406602, 0.258380, -0.048000, -1.096780, 0.670153, 1.232934, -0.172465
0.406602, 0.258380, -0.048000, -0.734520, 0.774825, 1.101034, -0.209290
0.406602, 0.258380, -0.048000, -0.372260, 0.833548, 0.931721, -0.223493
0.406602, 0.258380, -0.048000, -0.010000, 0.833235, 0.752514, -0.210408
0.406602, 0.258380, 0.790000, -1.821300, 0.517901, 1.215748, 0.292978
0.406602, 0.258380, 0.790000, -1.459040, 0.635750, 1.189389, 0.249949
0.406602, 0.258380, 0.790000, -1.096780, 0.770906, 1.114514, 0.160696
0.406602, 0.258380, 0.790000, -0.734520, 0.856715, 1.005262, 0.045214
0.406602, 0.258380, 0.790000, -0.372260, 0.880006, 0.876375, -0.078130
0.406602, 0.258380, 0.790000, -0.010000, 0.841247, 0.750421, -0.188829
0.406602, 0.540360, -3.400000, -1.821300, 0.075448, 0.421990, 0.231877
0.406602, 0.540360, -3.400000, -1.459040, 0.203590, 0.337878, 0.207460
0.406602, 0.540360, -3.400000, -1.096780, 0.357104, 0.285382, 0.130246
0.406602, 0.540360, -3.400000, -0.734520, 0.509230, 0.295931, 0.035573
0.406602, 0.540360, -3.400000, -0.372260, 0.635164, 0.363177, -0.059667
0.406602, 0.540360, -3.400000, -0.010000, 0.729541, 0.484327, -0.151437
0.406602, 0.540360, -2.562000, -1.821300, -0.018924, 0.457034, -0.122978
0.406602, 0.540360, -2.562000, -1.459040, 0.076823, 0.385304, -0.167846
0.406602, 0.540360, -2.562000, -1.096780, 0.241340, 0.328325, -0.211354
0.406602, 0.540360, -2.562000, -0.734520, 0.420192, 0.328517, -0.226754
0.406602, 0.540360, -2.562000, -0.372260, 0.582829, 0.381890, -0.213310
0.406602, 0.540360, -2.562000, -0.010000, 0.722311, 0.486142, -0.171539
0.406602, 0.540360, -1.724000, -1.821300, 0.049550, 0.733357, -0.391238
0.406602, 0.540360, -1.724000, -1.459040, 0.146609, 0.666056, -0.441034
0.406602, 0.540360, -1.724000, -1.096780, 0.306421, 0.582703, -0.460394
0.406602, 0.540360, -1.724000, -0.734520, 0.470574, 0.523595, -0.417453
0.406602, 0.540360, -1.724000, -0.372260, 0.612925, 0.495707, -0.324389
0.406602, 0.540360, -1.724000, -0.010000, 0.727020, 0.500326, -0.185101
0.406602, 0.540360, -0.886000, -1.821300, 0.261616, 1.061166, -0.377399
0.406602, 0.540360, -0.886000, -1.459040, 0.365329, 0.998691, -0.428924
0.406602, 0.540360, -0.886000, -1.096780, 0.507129, 0.883547, -0.451223
0.406602, 0.540360, -0.886000, -0.734520, 0.624934, 0.753501, -0.410561
0.406602, 0.540360, -0.886000, -0.372260, 0.703751, 0.628665, -0.320373
0.406602, 0.540360, -0.886000, -0.010000, 0.738801, 0.515573, -0.185056
0.406602, 0.540360, -0.048000, -1.821300, 0.488901, 1.216556, -0.095853
0.406602, 0.540360, -0.048000, -1.459040, 0.593983, 1.157476, -0.140273
0.406602, 0.540360, -0.048000, -1.096780, 0.712539, 1.031917, -0.186462
0.406602, 0.540360, -0.048000, -0.734520, 0.782791, 0.868157, -0.207838
0.406602, 0.540360, -0.048000, -0.372260, 0.795453, 0.689190, -0.201722
0.406602, 0.540360, -0.048000, -0.010000, 0.751835, 0.526204, -0.170719
0.406602, 0.540360, 0.790000, -1.821300, 0.565407, 1.101927, 0.274063
0.406602, 0.540360, 0.790000, -1.459040, 0.673066, 1.040755, 0.235907
0.406602, 0.540360, 0.790000, -1.096780, 0.788006, 0.920563, 0.155158
0.406602, 0.540360, 0.790000, -0.734520, 0.838750, 0.787558, 0.058232
0.406602, 0.540360, 0.790000, -0.372260, 0.828032, 0.644366, -0.049774
0.406602, 0.540360, 0.790000, -0.010000, 0.753528, 0.516102, -0.151027
0.406602, 0.822340, -3.400000, -1.821300, -0.067005, 0.448921, 0.295227
0.406602, 0.822340, -3.400000, -1.459040, 0.037497, 0.326411, 0.279353
0.406602, 0.822340, -3.400000, -1.096780, 0.172010, 0.228876, 0.211170
0.406602, 0.822340, -3.400000, -0.734520, 0.321016, 0.190466, 0.118823
0.406602, 0.822340, -3.400000, -0.372260, 0.459059, 0.213310, 0.019301
0.406602, 0.822340, -3.400000, -0.010000, 0.580316, 0.296312, -0.083192
0.406602, 0.822340, -2.562000, -1.821300, -0.153529, 0.467181, -0.064279
0.406602, 0.822340, -2.562000, -1.459040, -0.074832, 0.361871, -0.101805
0.406602, 0.822340, -2.562000, -1.096780, 0.069905, 0.261283, -0.135397
0.406602, 0.822340, -2.562000, -0.734520, 0.243053, 0.215563, -0.146955
0.406602, 0.822340, -2.562000, -0.372260, 0.413963, 0.228351, -0.135969
0.406602, 0.822340, -2.562000, -0.010000, 0.575364, 0.298920, -0.102925
0.406602, 0.822340, -1.724000, -1.821300, -0.018088, 0.684332, -0.359652
0.406602, 0.822340, -1.724000, -1.459040, 0.063247, 0.583423, -0.402316
0.406602, 0.822340, -1.724000, -1.096780, 0.196278, 0.461752, -0.408497
0.406602, 0.822340, -1.724000, -0.734520, 0.334290, 0.372147, -0.358651
0.406602, 0.822340, -1.724000, -0.372260, 0.471563, 0.317265, -0.256244
0.406602, 0.822340, -1.724000, -0.010000, 0.583532, 0.309289, -0.115938
0.406602, 0.822340, -0.886000, -1.821300, 0.277217, 0.940327, -0.381956
0.406602, 0.822340, -0.886000, -1.459040, 0.362014, 0.846109, -0.422967
0.406602, 0.822340, -0.886000, -1.096780, 0.464723, 0.704475, -0.428701
0.406602, 0.822340, -0.886000, -0.734520, 0.545961, 0.554549, -0.372275
0.406602, 0.822340, -0.886000, -0.372260, 0.591952, 0.419904, -0.263045
0.406602, 0.822340, -0.886000, -0.010000, 0.597545, 0.322146, -0.121894
0.406602, 0.822340, -0.048000, -1.821300, 0.532287, 1.069081, -0.111320
0.406602, 0.822340, -0.048000, -1.459040, 0.620497, 0.978843, -0.147937
0.406602, 0.822340, -0.048000, -1.096780, 0.705283, 0.818202, -0.178676
0.406602, 0.822340, -0.048000, -0.734520, 0.729851, 0.648418, -0.180486
0.406602, 0.822340, -0.048000, -0.372260, 0.697589, 0.473809, -0.155160
0.406602, 0.822340, -0.048000, -0.010000, 0.610145, 0.325713, -0.105144
0.406602, 0.822340, 0.790000, -1.821300, 0.584636, 0.976800, 0.268248
0.406602, 0.822340, 0.790000, -1.459040, 0.673892, 0.883692, 0.237763
0.406602, 0.822340, 0.790000, -1.096780, 0.750590, 0.737990, 0.175514
0.406602, 0.822340, 0.790000, -0.734520, 0.765614, 0.580221, 0.091387
0.406602, 0.822340, 0.790000, -0.372260, 0.716637, 0.434113, -0.000272
0.406602, 0.822340, 0.790000, -0.010000, 0.615685, 0.323845, -0.084189
0.406602, 1.104320, -3.400000, -1.821300, -0.194565, 0.504848, 0.348438
0.406602, 1.104320, -3.400000, -1.459040, -0.122609, 0.359224, 0.347624
0.406602, 1.104320, -3.400000, -1.096780, -0.021988, 0.230299, 0.295055
0.406602, 1.104320, -3.400000, -0.734520, 0.111350, 0.145383, 0.210534
0.406602, 1.104320, -3.400000, -0.372260, 0.256103, 0.121758, 0.107174
0.406602, 1.104320, -3.400000, -0.010000, 0.387441, 0.159302, 0.003331
0.406602, 1.104320, -2.562000, -1.821300, -0.276023, 0.503695, -0.013103
0.406602, 1.104320, -2.562000, -1.459040, -0.228484, 0.385333, -0.036131
0.406602, 1.104320, -2.562000, -1.096780, -0.114141, 0.248298, -0.055827
0.406602, 1.104320, -2.562000, -0.734520, 0.041674, 0.159668, -0.058905
0.406602, 1.104320, -2.562000, -0.372260, 0.210373, 0.130512, -0.046023
0.406602, 1.104320, -2.562000, -0.010000, 0.384658, 0.161778, -0.017753
0.406602, 1.104320, -1.724000, -1.821300, -0.093211, 0.652536, -0.326620
0.406602, 1.104320, -1.724000, -1.459040, -0.039710, 0.530141, -0.356299
0.406602, 1.104320, -1.724000, -1.096780, 0.057785, 0.379361, -0.346174
0.406602, 1.104320, -1.724000, -0.734520, 0.169186, 0.264102, -0.283924
0.406602, 1.104320, -1.724000, -0.372260, 0.288532, 0.188642, -0.173359
0.406602, 1.104320, -1.724000, -0.010000, 0.391552, 0.168291, -0.037487
0.406602, 1.104320, -0.886000, -1.821300, 0.254848, 0.827420, -0.368470
0.406602, 1.104320, -0.886000, -1.459040, 0.313603, 0.709554, -0.398882
0.406602, 1.104320, -0.886000, -1.096780, 0.379643, 0.540894, -0.386503
0.406602, 1.104320, -0.886000, -0.734520, 0.419781, 0.383117, -0.311639
0.406602, 1.104320, -0.886000, -0.372260, 0.430599, 0.259667, -0.192965
0.406602, 1.104320, -0.886000, -0.010000, 0.411586, 0.176128, -0.035377
0.406602, 1.104320, -0.048000, -1.821300, 0.539555, 0.911451, -0.111048
0.406602, 1.104320, -0.048000, -1.459040, 0.602516, 0.795647, -0.136137
0.406602, 1.104320, -0.048000, -1.096780, 0.642536, 0.617661, -0.147228
0.406602, 1.104320, -0.048000, -0.734520, 0.621983, 0.448829, -0.129620
0.406602, 1.104320, -0.048000, -0.372260, 0.545978, 0.292707, -0.085775
0.406602, 1.104320, -0.048000, -0.010000, 0.429849, 0.182471, -0.024672
0.406602, 1.104320, 0.790000, -1.821300, 0.567330, 0.854859, 0.277157
0.406602, 1.104320, 0.790000, -1.459040, 0.631206, 0.737939, 0.258893
0.406602, 1.104320, 0.790000, -1.096780, 0.668481, 0.565973, 0.212422
0.406602, 1.104320, 0.790000, -0.734520, 0.642961, 0.408836, 0.148931
0.406602, 1.104320, 0.790000, -0.372260, 0.558558, 0.270434, 0.072855
0.406602, 1.104320, 0.790000, -0.010000, 0.426431, 0.176644, -0.003607
0.406602, 1.386300, -3.400000, -1.821300, -0.304300, 0.604137, 0.393147
0.406602, 1.386300, -3.400000, -1.459040, -0.272500, 0.447016, 0.410763
0.406602, 1.386300, -3.400000, -1.096780, -0.205715, 0.284788, 0.372759
0.406602, 1.386300, -3.400000, -0.734520, -0.098286, 0.161271, 0.299966
0.406602, 1.386300, -3.400000, -0.372260, 0.029092, 0.094031, 0.206788
0.406602, 1.386300, -3.400000, -0.010000, 0.170847, 0.085660, 0.097319
0.406602, 1.386300, -2.562000, -1.821300, -0.386744, 0.584154, 0.032993
0.406602, 1.386300, -2.562000, -1.459040, -0.369306, 0.448001, 0.023299
0.406602, 1.386300, -2.562000, -1.096780, -0.296948, 0.291979, 0.020930
0.406602, 1.386300, -2.562000, -0.734520, -0.169092, 0.166759, 0.030411
0.406602, 1.386300, -2.562000, -0.372260, -0.005917, 0.095248, 0.050611
0.406602, 1.386300, -2.562000, -0.010000, 0.163277, 0.085810, 0.077538
0.406602, 1.386300, -1.724000, -1.821300, -0.174530, 0.646153, -0.291006
0.406602, 1.386300, -1.724000, -1.459040, -0.153953, 0.511301, -0.306519
0.406602, 1.386300, -1.724000, -1.096780, -0.097810, 0.342699, -0.278725
0.406602, 1.386300, -1.724000, -0.734520, -0.019143, 0.210789, -0.202402
0.406602, 1.386300, -1.724000, -0.372260, 0.078137, 0.119958, -0.082239
0.406602, 1.386300, -1.724000, -0.010000, 0.177978, 0.089032, 0.063484
0.406602, 1.386300, -0.886000, -1.821300, 0.208198, 0.714635, -0.346657
0.406602, 1.386300, -0.886000, -1.459040, 0.233704, 0.589260, -0.361243
0.406602, 1.386300, -0.886000, -1.096780, 0.254748, 0.412741, -0.329428
0.406602, 1.386300, -0.886000, -0.734520, 0.254114, 0.259175, -0.237239
0.406602, 1.386300, -0.886000, -0.372260, 0.234263, 0.150757, -0.105836
0.406602, 1.386300, -0.886000, -0.010000, 0.195995, 0.092297, 0.059289
0.406602, 1.386300, -0.048000, -1.821300, 0.504401, 0.761193, -0.092680
0.406602, 1.386300, -0.048000, -1.459040, 0.537213, 0.629308, -0.104144
0.406602, 1.386300, -0.048000, -1.096780, 0.530360, 0.449066, -0.095532
0.406602, 1.386300, -0.048000, -0.734520, 0.468649, 0.293157, -0.060245
0.406602, 1.386300, -0.048000, -0.372260, 0.356466, 0.166487, -0.001522
0.406602, 1.386300, -0.048000, -0.010000, 0.210222, 0.093699, 0.072160
0.406602, 1.386300, 0.790000, -1.821300, 0.521752, 0.738605, 0.298955
0.406602, 1.386300, 0.790000, -1.459040, 0.554151, 0.606276, 0.294167
0.406602, 1.386300, 0.790000, -1.096780, 0.545474, 0.427500, 0.266844
0.406602, 1.386300, 0.790000, -0.734520, 0.479565, 0.276443, 0.220739
0.406602, 1.386300, 0.790000, -0.372260, 0.361746, 0.156736, 0.158644
0.406602, 1.386300, 0.790000, -0.010000, 0.216310, 0.093640, 0.093301
0.704602, -0.023600, -3.400000, -1.821300, 0.299214, 0.506489, 0.002220
0.704602, -0.023600, -3.400000, -1.459040, 0.442581, 0.501508, -0.083859
0.704602, -0.023600, -3.400000, -1.096780, 0.561488, 0.545016, -0.200187
0.704602, -0.023600, -3.400000, -0.734520, 0.654075, 0.645342, -0.316388
0.704602, -0.023600, -3.400000, -0.372260, 0.701287, 0.781736, -0.408258
0.704602, -0.023600, -3.400000, -0.010000, 0.701019, 0.948536, -0.471769
0.704602, -0.023600, -2.562000, -1.821300, 0.083770, 0.559931, -0.291340
0.704602, -0.023600, -2.562000, -1.459040, 0.182511, 0.554418, -0.381804
0.704602, -0.023600, -2.562000, -1.096780, 0.329840, 0.595186, -0.476371
0.704602, -0.023600, -2.562000, -0.734520, 0.469941, 0.680506, -0.527407
0.704602, -0.023600, -2.562000, -0.372260, 0.596811, 0.806919, -0.532679
0.704602, -0.023600, -2.562000, -0.010000, 0.687040, 0.954860, -0.488124
0.704602, -0.023600, -1.724000, -1.821300, -0.066200, 0.880891, -0.453519
0.704602, -0.023600, -1.724000, -1.459040, 0.028998, 0.881459, -0.548583
0.704602, -0.023600, -1.724000, -1.096780, 0.189389, 0.892090, -0.628872
0.704602, -0.023600, -1.724000, -0.734520, 0.367634, 0.912471, -0.646788
0.704602, -0.023600, -1.724000, -0.372260, 0.532878, 0.938520, -0.603002
0.704602, -0.023600, -1.724000, -0.010000, 0.677322, 0.969415, -0.499277
0.704602, -0.023600, -0.886000, -1.821300, -0.008592, 1.259837, -0.381473
0.704602, -0.023600, -0.886000, -1.459040, 0.082739, 1.269214, -0.470786
0.704602, -0.023600, -0.886000, -1.096780, 0.243180, 1.243317, -0.560857
0.704602, -0.023600, -0.886000, -0.734520, 0.409464, 1.181787, -0.594201
0.704602, -0.023600, -0.886000, -0.372260, 0.557704, 1.095821, -0.571630
0.704602, -0.023600, -0.886000, -0.010000, 0.681539, 0.988856, -0.494371
0.704602, -0.023600, -0.048000, -1.821300, 0.215728, 1.445035, -0.115103
0.704602, -0.023600, -0.048000, -1.459040, 0.313769, 1.458163, -0.199285
0.704602, -0.023600, -0.048000, -1.096780, 0.449667, 1.416124, -0.310435
0.704602, -0.023600, -0.048000, -0.734520, 0.568316, 1.315145, -0.402211
0.704602, -0.023600, -0.048000, -0.372260, 0.653778, 1.167604, -0.460851
0.704602, -0.023600, -0.048000, -0.010000, 0.694110, 1.000892, -0.479172
0.704602, -0.023600, 0.790000, -1.821300, 0.455724, 1.310177, 0.168449
0.704602, -0.023600, 0.790000, -1.459040, 0.562648, 1.320826, 0.088086
0.704602, -0.023600, 0.790000, -1.096780, 0.675441, 1.291266, -0.046949
0.704602, -0.023600, 0.790000, -0.734520, 0.742673, 1.219221, -0.198935
0.704602, -0.023600, 0.790000, -0.372260, 0.753351, 1.113499, -0.344625
0.704602, -0.023600, 0.790000, -0.010000, 0.709502, 0.993571, -0.461148
0.704602, 0.258380, -3.400000, -1.821300, 0.199384, 0.444620, 0.094138
0.704602, 0.258380, -3.400000, -1.459040, 0.331903, 0.395972, 0.014048
0.704602, 0.258380, -3.400000, -1.096780, 0.455740, 0.392276, -0.105394
0.704602, 0.258380, -3.400000, -0.734520, 0.565935, 0.448831, -0.235326
0.704602, 0.258380, -3.400000, -0.372260, 0.642296, 0.559484, -0.353640
0.704602, 0.258380, -3.400000, -0.010000, 0.674261, 0.702666, -0.441419
0.704602, 0.258380, -2.562000, -1.821300, -0.007624, 0.490165, -0.210643
0.704602, 0.258380, -2.562000, -1.459040, 0.087070, 0.447688, -0.296348
0.704602, 0.258380, -2.562000, -1.096780, 0.238483, 0.439550, -0.392427
0.704602, 0.258380, -2.562000, -0.734520, 0.392639, 0.483787, -0.453892
0.704602, 0.258380, -2.562000, -0.372260, 0.543114, 0.578223, -0.478200
0.704602, 0.258380, -2.562000, -0.010000, 0.663164, 0.709465, -0.458415
0.704602, 0.258380, -1.724000, -1.821300, -0.088722, 0.800682, -0.432758
0.704602, 0.258380, -1.724000, -1.459040, 0.005652, 0.763735, -0.524097
0.704602, 0.258380, -1.724000, -1.096780, 0.165963, 0.725250, -0.600365
0.704602, 0.258380, -1.724000, -0.734520, 0.336491, 0.705465, -0.615831
0.704602, 0.258380, -1.724000, -0.372260, 0.511014, 0.704248, -0.571014
0.704602, 0.258380, -1.724000, -0.010000, 0.658946, 0.723005, -0.469731
0.704602, 0.258380, -0.886000, -1.821300, 0.052790, 1.165357, -0.430931
0.704602, 0.258380, -0.886000, -1.459040, 0.144297, 1.136984, -0.516977
0.704602, 0.258380, -0.886000, -1.096780, 0.288494, 1.065433, -0.593954
0.704602, 0.258380, -0.886000, -0.734520, 0.437870, 0.965694, -0.611579
0.704602, 0.258380, -0.886000, -0.372260, 0.569707, 0.851222, -0.567567
0.704602, 0.258380, -0.886000, -0.010000, 0.663784, 0.741952, -0.472850
0.704602, 0.258380, -0.048000, -1.821300, 0.314748, 1.344144, -0.196014
0.704602, 0.258380, -0.048000, -1.459040, 0.408951, 1.319819, -0.275796
0.704602, 0.258380, -0.048000, -1.096780, 0.531260, 1.232307, -0.374490
0.704602, 0.258380, -0.048000, -0.734520, 0.624822, 1.094072, -0.443169
0.704602, 0.258380, -0.048000, -0.372260, 0.676079, 0.924202, -0.472035
0.704602, 0.258380, -0.048000, -0.010000, 0.679595, 0.752884, -0.459056
0.704602, 0.258380, 0.790000, -1.821300, 0.521257, 1.215625, 0.115368
0.704602, 0.258380, 0.790000, -1.459040, 0.627757, 1.186950, 0.035549
0.704602, 0.258380, 0.790000, -1.096780, 0.729915, 1.110763, -0.089280
0.704602, 0.258380, 0.790000, -0.734520, 0.777091, 1.000190, -0.223647
0.704602, 0.258380, 0.790000, -0.372260, 0.764236, 0.876023, -0.342291
0.704602, 0.258380, 0.790000, -0.010000, 0.691725, 0.743741, -0.440682
0.704602, 0.540360, -3.400000, -1.821300, 0.085424, 0.425992, 0.194560
0.704602, 0.540360, -3.400000, -1.459040, 0.201959, 0.335362, 0.126170
0.704602, 0.540360, -3.400000, -1.096780, 0.320856, 0.284515, 0.012554
0.704602, 0.540360, -3.400000, -0.734520, 0.438838, 0.292856, -0.122497
0.704602, 0.540360, -3.400000, -0.372260, 0.535390, 0.362372, -0.256674
0.704602, 0.540360, -3.400000, -0.010000, 0.595862, 0.477768, -0.367793
0.704602, 0.540360, -2.562000, -1.821300, -0.111865, 0.456880, -0.120610
0.704602, 0.540360, -2.562000, -1.459040, -0.028560, 0.380304, -0.195386
0.704602, 0.540360, -2.562000, -1.096780, 0.109897, 0.325325, -0.280893
0.704602, 0.540360, -2.562000, -0.734520, 0.276196, 0.324013, -0.348446
0.704602, 0.540360, -2.562000, -0.372260, 0.442737, 0.379772, -0.385077
0.704602, 0.540360, -2.562000, -0.010000, 0.582024, 0.479678, -0.386497
0.704602, 0.540360, -1.724000, -1.821300, -0.124510, 0.730764, -0.399095
0.704602, 0.540360, -1.724000, -1.459040, -0.041661, 0.658811, -0.478620
0.704602, 0.540360, -1.724000, -1.096780, 0.099628, 0.578224, -0.540558
0.704602, 0.540360, -1.724000, -0.734520, 0.268904, 0.518428, -0.547972
0.704602, 0.540360, -1.724000, -0.372260, 0.432283, 0.490294, -0.501240
0.704602, 0.540360, -1.724000, -0.010000, 0.582601, 0.495028, -0.402247
0.704602, 0.540360, -0.886000, -1.821300, 0.087329, 1.054495, -0.455926
0.704602, 0.540360, -0.886000, -1.459040, 0.171027, 0.990673, -0.533722
0.704602, 0.540360, -0.886000, -1.096780, 0.294891, 0.879577, -0.592856
0.704602, 0.540360, -0.886000, -0.734520, 0.419602, 0.749427, -0.588591
0.704602, 0.540360, -0.886000, -0.372260, 0.524488, 0.619955, -0.521624
0.704602, 0.540360, -0.886000, -0.010000, 0.594328, 0.512467, -0.406810
0.704602, 0.540360, -0.048000, -1.821300, 0.382110, 1.214201, -0.249055
0.704602, 0.540360, -0.048000, -1.459040, 0.469717, 1.154920, -0.322200
0.704602, 0.540360, -0.048000, -1.096780, 0.573244, 1.023090, -0.403323
0.704602, 0.540360, -0.048000, -0.734520, 0.630979, 0.865820, -0.441303
0.704602, 0.540360, -0.048000, -0.372260, 0.645303, 0.686962, -0.438525
0.704602, 0.540360, -0.048000, -0.010000, 0.610673, 0.517141, -0.392718
0.704602, 0.540360, 0.790000, -1.821300, 0.563428, 1.101869, 0.083739
0.704602, 0.540360, 0.790000, -1.459040, 0.660700, 1.035820, 0.010598
0.704602, 0.540360, 0.790000, -1.096780, 0.742635, 0.919805, -0.095204
0.704602, 0.540360, 0.790000, -0.734520, 0.762872, 0.779883, -0.206319
0.704602, 0.540360, 0.790000, -0.372260, 0.722046, 0.642399, -0.300663
0.704602, 0.540360, 0.790000, -0.010000, 0.621573, 0.513415, -0.375248
0.704602, 0.822340, -3.400000, -1.821300, -0.033627, 0.448445, 0.290951
0.704602, 0.822340, -3.400000, -1.459040, 0.062700, 0.325242, 0.245642
0.704602, 0.822340, -3.400000, -1.096780, 0.171239, 0.227556, 0.141162
0.704602, 0.822340, -3.400000, -0.734520, 0.281541, 0.189251, 0.015263
0.704602, 0.822340, -3.400000, -0.372260, 0.389049, 0.211493, -0.126638
0.704602, 0.822340, -3.400000, -0.010000, 0.474593, 0.294215, -0.260601
0.704602, 0.822340, -2.562000, -1.821300, -0.221075, 0.463916, -0.027698
0.704602, 0.822340, -2.562000, -1.459040, -0.156354, 0.358420, -0.085800
0.704602, 0.822340, -2.562000, -1.096780, -0.027375, 0.257780, -0.159568
0.704602, 0.822340, -2.562000, -0.734520, 0.127537, 0.213008, -0.218541
0.704602, 0.822340, -2.562000, -0.372260, 0.301655, 0.225448, -0.260231
0.704602, 0.822340, -2.562000, -0.010000, 0.458832, 0.292324, -0.276039
0.704602, 0.822340, -1.724000, -1.821300, -0.177700, 0.678776, -0.351758
0.704602, 0.822340, -1.724000, -1.459040, -0.112300, 0.577313, -0.415010
0.704602, 0.822340, -1.724000, -1.096780, 0.007727, 0.460024, -0.457702
0.704602, 0.822340, -1.724000, -0.734520, 0.160480, 0.366040, -0.449729
0.704602, 0.822340, -1.724000, -0.372260, 0.314556, 0.313549, -0.394476
0.704602, 0.822340, -1.724000, -0.010000, 0.463370, 0.304825, -0.294168
0.704602, 0.822340, -0.886000, -1.821300, 0.095191, 0.938668, -0.457313
0.704602, 0.822340, -0.886000, -1.459040, 0.163191, 0.844281, -0.521700
0.704602, 0.822340, -0.886000, -1.096780, 0.264267, 0.695833, -0.558031
0.704602, 0.822340, -0.886000, -0.734520, 0.354138, 0.552433, -0.528359
0.704602, 0.822340, -0.886000, -0.372260, 0.430595, 0.417676, -0.437725
0.704602, 0.822340, -0.886000, -0.010000, 0.479369, 0.316462, -0.297707
0.704602, 0.822340, -0.048000, -1.821300, 0.422843, 1.063502, -0.279099
0.704602, 0.822340, -0.048000, -1.459040, 0.496237, 0.971770, -0.338643
0.704602, 0.822340, -0.048000, -1.096780, 0.565132, 0.817548, -0.389867
0.704602, 0.822340, -0.048000, -0.734520, 0.588692, 0.640221, -0.398025
0.704602, 0.822340, -0.048000, -0.372260, 0.563989, 0.466386, -0.362128
0.704602, 0.822340, -0.048000, -0.010000, 0.497872, 0.325221, -0.290917
0.704602, 0.822340, 0.790000, -1.821300, 0.579336, 0.978155, 0.072444
0.704602, 0.822340, 0.790000, -1.459040, 0.656260, 0.885241, 0.018416
0.704602, 0.822340, 0.790000, -1.096780, 0.713531, 0.732718, -0.066193
0.704602, 0.822340, 0.790000, -0.734520, 0.701593, 0.574528, -0.149567
0.704602, 0.822340, 0.790000, -0.372260, 0.631081, 0.434112, -0.218785
0.704602, 0.822340, 0.790000, -0.010000, 0.504444, 0.318532, -0.270922
0.704602, 1.104320, -3.400000, -1.821300, -0.141256, 0.512269, 0.380606
0.704602, 1.104320, -3.400000, -1.459040, -0.071864, 0.361078, 0.359284
0.704602, 1.104320, -3.400000, -1.096780, 0.008554, 0.231428, 0.280409
0.704602, 1.104320, -3.400000, -0.734520, 0.111063, 0.145292, 0.161129
0.704602, 1.104320, -3.400000, -0.372260, 0.218941, 0.120385, 0.020092
0.704602, 1.104320, -3.400000, -0.010000, 0.314125, 0.156601, -0.118046
0.704602, 1.104320, -2.562000, -1.821300, -0.324134, 0.503853, 0.058224
0.704602, 1.104320, -2.562000, -1.459040, -0.285675, 0.385095, 0.023267
0.704602, 1.104320, -2.562000, -1.096780, -0.182778, 0.247228, -0.028188
0.704602, 1.104320, -2.562000, -0.734520, -0.034762, 0.157982, -0.076243
0.704602, 1.104320, -2.562000, -0.372260, 0.130170, 0.128167, -0.113241
0.704602, 1.104320, -2.562000, -0.010000, 0.305147, 0.158896, -0.137649
0.704602, 1.104320, -1.724000, -1.821300, -0.241123, 0.649816, -0.296091
0.704602, 1.104320, -1.724000, -1.459040, -0.199266, 0.527056, -0.339028
0.704602, 1.104320, -1.724000, -1.096780, -0.103186, 0.375727, -0.357318
0.704602, 1.104320, -1.724000, -0.734520, 0.021036, 0.260602, -0.329622
0.704602, 1.104320, -1.724000, -0.372260, 0.167631, 0.185338, -0.258502
0.704602, 1.104320, -1.724000, -0.010000, 0.306046, 0.165421, -0.158756
0.704602, 1.104320, -0.886000, -1.821300, 0.079649, 0.823142, -0.439607
0.704602, 1.104320, -0.886000, -1.459040, 0.126646, 0.704787, -0.485144
0.704602, 1.104320, -0.886000, -1.096780, 0.192998, 0.536044, -0.491539
0.704602, 1.104320, -0.886000, -0.734520, 0.253090, 0.378556, -0.430697
0.704602, 1.104320, -0.886000, -0.372260, 0.298051, 0.255812, -0.319589
0.704602, 1.104320, -0.886000, -0.010000, 0.326013, 0.173335, -0.162811
0.704602, 1.104320, -0.048000, -1.821300, 0.427435, 0.907961, -0.277780
0.704602, 1.104320, -0.048000, -1.459040, 0.480187, 0.791626, -0.319484
0.704602, 1.104320, -0.048000, -1.096780, 0.514650, 0.613892, -0.340440
0.704602, 1.104320, -0.048000, -0.734520, 0.500164, 0.444922, -0.316566
0.704602, 1.104320, -0.048000, -0.372260, 0.440128, 0.289322, -0.251268
0.704602, 1.104320, -0.048000, -0.010000, 0.342013, 0.176017, -0.153207
0.704602, 1.104320, 0.790000, -1.821300, 0.567635, 0.854321, 0.085615
0.704602, 1.104320, 0.790000, -1.459040, 0.623266, 0.737073, 0.050067
0.704602, 1.104320, 0.790000, -1.096780, 0.645453, 0.564624, -0.004282
0.704602, 1.104320, 0.790000, -0.734520, 0.598979, 0.400459, -0.057990
0.704602, 1.104320, 0.790000, -0.372260, 0.499366, 0.268234, -0.102700
0.704602, 1.104320, 0.790000, -0.010000, 0.350466, 0.174417, -0.136424
0.704602, 1.386300, -3.400000, -1.821300, -0.231240, 0.596340, 0.455022
0.704602, 1.386300, -3.400000, -1.459040, -0.195607, 0.446243, 0.462274
0.704602, 1.386300, -3.400000, -1.096780, -0.142595, 0.284027, 0.406689
0.704602, 1.386300, -3.400000, -0.734520, -0.065175, 0.164913, 0.310826
0.704602, 1.386300, -3.400000, -0.372260, 0.033252, 0.093264, 0.179286
0.704602, 1.386300, -3.400000, -0.010000, 0.136577, 0.084805, 0.032974
0.704602, 1.386300, -2.562000, -1.821300, -0.416281, 0.581308, 0.133917
0.704602, 1.386300, -2.562000, -1.459040, -0.403594, 0.452874, 0.121414
0.704602, 1.386300, -2.562000, -1.096780, -0.332688, 0.289253, 0.097890
0.704602, 1.386300, -2.562000, -0.734520, -0.207003, 0.164562, 0.070383
0.704602, 1.386300, -2.562000, -0.372260, -0.052369, 0.095349, 0.043563
0.704602, 1.386300, -2.562000, -0.010000, 0.124854, 0.084777, 0.018589
0.704602, 1.386300, -1.724000, -1.821300, -0.308333, 0.640470, -0.239007
0.704602, 1.386300, -1.724000, -1.459040, -0.292759, 0.505450, -0.258323
0.704602, 1.386300, -1.724000, -1.096780, -0.234185, 0.343837, -0.247650
0.704602, 1.386300, -1.724000, -0.734520, -0.132380, 0.206114, -0.194774
0.704602, 1.386300, -1.724000, -0.372260, -0.004073, 0.116700, -0.107209
0.704602, 1.386300, -1.724000, -0.010000, 0.128106, 0.087467, -0.001774
0.704602, 1.386300, -0.886000, -1.821300, 0.040654, 0.714583, -0.403011
0.704602, 1.386300, -0.886000, -1.459040, 0.061422, 0.581383, -0.425021
0.704602, 1.386300, -0.886000, -1.096780, 0.089620, 0.412546, -0.400796
0.704602, 1.386300, -0.886000, -0.734520, 0.115824, 0.258838, -0.312749
0.704602, 1.386300, -0.886000, -0.372260, 0.136111, 0.146372, -0.174709
0.704602, 1.386300, -0.886000, -0.010000, 0.147423, 0.091429, -0.012561
0.704602, 1.386300, -0.048000, -1.821300, 0.399985, 0.754548, -0.249702
0.704602, 1.386300, -0.048000, -1.459040, 0.427202, 0.622101, -0.268629
0.704602, 1.386300, -0.048000, -1.096780, 0.423460, 0.449448, -0.257740
0.704602, 1.386300, -0.048000, -0.734520, 0.372221, 0.287093, -0.202602
0.704602, 1.386300, -0.048000, -0.372260, 0.281300, 0.162146, -0.111986
0.704602, 1.386300, -0.048000, -0.010000, 0.168137, 0.093337, -0.003014
0.704602, 1.386300, 0.790000, -1.821300, 0.531893, 0.734368, 0.120193
0.704602, 1.386300, 0.790000, -1.459040, 0.560300, 0.601564, 0.107301
0.704602, 1.386300, 0.790000, -1.096780, 0.544589, 0.430460, 0.085675
0.704602, 1.386300, 0.790000, -0.734520, 0.464470, 0.272401, 0.061090
0.704602, 1.386300, 0.790000, -0.372260, 0.339138, 0.157737, 0.038219
0.704602, 1.386300, 0.790000, -0.010000, 0.173736, 0.091794, 0.018098
